0 0.268626 0.092485 0.270405 0.120356 0.277521 0.133162 0.286416 0.147474 0.295904 0.164045 0.305984 0.185890 0.319623 0.202462 0.333855 0.206228 0.352831 0.209241 0.370028 0.209241 0.386039 0.209241 0.414502 0.205475 0.432292 0.203968 0.447710 0.197189 0.461942 0.182877 0.472616 0.159526 0.484475 0.149733 0.496928 0.145214 0.509974 0.145214 0.519462 0.155759 0.530729 0.175344 0.547926 0.191916 0.562158 0.192669 0.594179 0.195682 0.604853 0.198695 0.619678 0.200202 0.632724 0.201708 0.654071 0.207734 0.678977 0.208488 0.693209 0.200202 0.705069 0.182877 0.719301 0.154253 0.728196 0.139188 0.740056 0.118096 0.742427 0.094745 0.760217 0.091732 0.763775 0.118096 0.759031 0.136928 0.752508 0.155759 0.738277 0.164045 0.731161 0.169318 0.728196 0.180617 0.724045 0.197942 0.712778 0.218280 0.703290 0.227319 0.670082 0.241631 0.645177 0.241631 0.629759 0.231839 0.616120 0.231086 0.595958 0.231839 0.562751 0.226566 0.540217 0.222046 0.526578 0.213007 0.514125 0.190409 0.511160 0.176851 0.499300 0.179111 0.486847 0.181370 0.482103 0.195682 0.472023 0.212254 0.457791 0.223553 0.422804 0.231086 0.396712 0.234852 0.378330 0.235605 0.354017 0.234099 0.328518 0.234099 0.304206 0.221293 0.291160 0.203968 0.284637 0.176098 0.271591 0.158772 0.259138 0.151240 0.249650 0.133915 0.246092 0.124122 0.246092 0.115083 0.249650 0.099265 0.254394 0.090226
1 0.316244 0.004521 0.315799 0.020347 0.315354 0.041258 0.318913 0.059344 0.324697 0.085343 0.333151 0.102298 0.342939 0.119819 0.348279 0.136774 0.355842 0.148643 0.361182 0.149208 0.361626 0.131688 0.350948 0.095516 0.340270 0.074604 0.334486 0.051997 0.326477 0.028824 0.324252 0.012434 0.324697 0.003956
2 0.339825 0.118123 0.334931 0.132818 0.334041 0.162773 0.339380 0.180858 0.349168 0.194423 0.358957 0.198379 0.365186 0.183684 0.368300 0.169555 0.369190 0.148078 0.362961 0.132253 0.362516 0.148643 0.354953 0.149208 0.348279 0.137339
1 0.430146 0.004521 0.431036 0.024303 0.423472 0.051432 0.420357 0.072343 0.417243 0.090994 0.414128 0.111906 0.411459 0.128862 0.408789 0.137905 0.419912 0.136774 0.424362 0.126601 0.424807 0.109645 0.426586 0.089299 0.435485 0.084777 0.441714 0.094951 0.444384 0.105689 0.447943 0.113602 0.451947 0.116428 0.454617 0.109080 0.451947 0.085908 0.450168 0.066692 0.443939 0.038998 0.440824 0.024303 0.441269 0.011869 0.441714 0.005087
2 0.407899 0.139035 0.404340 0.159947 0.403895 0.168990 0.416798 0.177467 0.426586 0.177467 0.435930 0.173511 0.444829 0.179728 0.452392 0.178598 0.457287 0.166164 0.456397 0.145252 0.456397 0.124340 0.453727 0.116993 0.447053 0.113602 0.442159 0.102863 0.440824 0.096081 0.436375 0.087603 0.427031 0.089864 0.425252 0.109080 0.426586 0.126036 0.422137 0.136774
1 0.558286 0.006782 0.558731 0.032215 0.562735 0.060475 0.564960 0.098342 0.572079 0.131688 0.577418 0.139035 0.589876 0.132253 0.596995 0.120384 0.592546 0.103994 0.577863 0.070648 0.573859 0.048041 0.569854 0.025433 0.570744 0.007347
2 0.577418 0.141861 0.582312 0.162773 0.587651 0.182554 0.596550 0.186510 0.606338 0.179163 0.612123 0.163903 0.615682 0.152034 0.617907 0.141296 0.621021 0.124905 0.614347 0.116428 0.604559 0.118688 0.598775 0.119254 0.591211 0.132253
1 0.672188 0.004521 0.671743 0.022607 0.664624 0.040693 0.658395 0.067822 0.654836 0.092125 0.650832 0.109645 0.645937 0.124340 0.642823 0.137905 0.640153 0.152034 0.651277 0.146947 0.660175 0.136774 0.663290 0.115297 0.665069 0.097777 0.673968 0.083082 0.679752 0.066692 0.683756 0.045780 0.683756 0.034476 0.681977 0.003956
2 0.641043 0.140165 0.633479 0.150904 0.628140 0.166729 0.634369 0.181424 0.642378 0.183119 0.653946 0.177467 0.664624 0.167859 0.666849 0.155425 0.661955 0.138470 0.650832 0.148078 0.641488 0.150904
3 0.250839 0.001696 0.252173 0.089299 0.252618 0.109080 0.261072 0.133948 0.270861 0.147513 0.281094 0.159947 0.289103 0.178032 0.294887 0.193292 0.305120 0.209683 0.321138 0.220986 0.339825 0.226073 0.360292 0.227769 0.394551 0.228334 0.412794 0.226638 0.435485 0.220986 0.452837 0.213074 0.466630 0.201205 0.476864 0.183119 0.485317 0.173511 0.516018 0.172946 0.530700 0.201770 0.549387 0.214769 0.576528 0.214204 0.597885 0.214204 0.605894 0.224377 0.623246 0.224377 0.632589 0.222117 0.655726 0.228334 0.681977 0.228899 0.701999 0.217030 0.712232 0.192162 0.719796 0.176902 0.732699 0.158251 0.745157 0.151469 0.758950 0.097211 0.750051 0.089864 0.748716 0.001130
