0 0.177892 0.090194 0.190221 0.108839 0.193157 0.124500 0.186112 0.158806 0.182589 0.178942 0.175544 0.199824 0.177427 0.221031 0.181340 0.240913 0.187210 0.260174 0.197970 0.281299 0.205796 0.301180 0.218402 0.323623 0.232493 0.331827 0.244822 0.331827 0.258325 0.334810 0.281222 0.343014 0.294138 0.345251 0.307055 0.352709 0.313513 0.356438 0.328777 0.349726 0.336997 0.343759 0.352262 0.347488 0.365178 0.358675 0.382204 0.359421 0.400991 0.351217 0.422714 0.348234 0.437978 0.354200 0.458670 0.357098 0.478234 0.360826 0.506114 0.373253 0.535461 0.378223 0.552463 0.404913 0.571251 0.416846 0.590625 0.422066 0.602367 0.416846 0.612935 0.408642 0.624677 0.404167 0.633484 0.404167 0.648161 0.401930 0.656968 0.387760 0.672232 0.377319 0.678103 0.361658 0.685149 0.346742 0.695129 0.337047 0.708633 0.331827 0.719201 0.331827 0.743272 0.323623 0.782021 0.299013 0.800808 0.276639 0.810789 0.251283 0.814311 0.231892 0.820182 0.208028 0.824292 0.178942 0.824879 0.153586 0.825466 0.125992 0.824879 0.114059 0.829576 0.090194 0.850124 0.089449 0.849537 0.114805 0.851886 0.134941 0.853060 0.153586 0.855995 0.175959 0.854821 0.202807 0.847189 0.217723 0.845428 0.231892 0.844253 0.249791 0.837208 0.270673 0.831924 0.283351 0.821944 0.303487 0.812550 0.317657 0.803743 0.330335 0.786130 0.343759 0.772040 0.352709 0.750904 0.360912 0.725072 0.366133 0.710394 0.371353 0.704523 0.378811 0.696891 0.394472 0.686323 0.414608 0.669884 0.424303 0.657555 0.438473 0.641703 0.447423 0.629374 0.448168 0.612348 0.456372 0.598845 0.465321 0.582406 0.463084 0.568315 0.455626 0.558922 0.444439 0.539547 0.439965 0.520760 0.438473 0.495515 0.433253 0.479076 0.429524 0.462637 0.427287 0.449721 0.420575 0.435043 0.404167 0.420953 0.397455 0.406862 0.398947 0.393359 0.403422 0.381617 0.406405 0.372223 0.405659 0.354023 0.395218 0.346978 0.392235 0.340519 0.391489 0.332300 0.394472 0.326429 0.397455 0.318210 0.399693 0.308816 0.399693 0.301771 0.395964 0.294725 0.391489 0.280635 0.384031 0.271241 0.381048 0.263609 0.381048 0.230144 0.367624 0.203725 0.363150 0.176131 0.337047 0.160866 0.302741 0.146776 0.269181 0.145601 0.244571 0.146189 0.216977 0.146189 0.195349 0.151472 0.175959 0.154995 0.163281 0.160866 0.145382 0.163802 0.130467 0.161453 0.114059 0.154408 0.105856 0.147950 0.089449
1 0.292998 0.003912 0.291678 0.022914 0.287718 0.051975 0.280679 0.089419 0.275399 0.115128 0.267920 0.126305 0.255601 0.134688 0.245042 0.139718 0.238002 0.178280 0.233163 0.225225 0.236682 0.247580 0.243282 0.265464 0.247681 0.288937 0.252961 0.317998 0.258241 0.329734 0.262200 0.317439 0.253841 0.265464 0.250761 0.251492 0.245042 0.233608 0.245042 0.217401 0.245042 0.192811 0.250321 0.206224 0.254281 0.230814 0.259120 0.249257 0.263960 0.273847 0.271439 0.298437 0.275839 0.292849 0.272319 0.261552 0.264840 0.234726 0.256921 0.204547 0.252961 0.189457 0.249001 0.171574 0.249441 0.154807 0.253841 0.148660 0.270119 0.142512 0.281998 0.126305 0.288598 0.116245 0.296517 0.097244 0.300037 0.089978 0.302237 0.100038 0.307076 0.117363 0.314556 0.122952 0.326875 0.123511 0.337434 0.123511 0.340953 0.128540 0.339634 0.140836 0.337434 0.162073 0.333914 0.176603 0.325555 0.206782 0.321155 0.230814 0.319395 0.248698 0.322475 0.273847 0.333474 0.298437 0.343153 0.319116 0.350633 0.333646 0.357232 0.330293 0.351073 0.310733 0.346233 0.287819 0.346673 0.264346 0.347993 0.240874 0.346233 0.226343 0.347993 0.204547 0.347113 0.184986 0.346673 0.173809 0.349313 0.153690 0.348433 0.129658 0.347993 0.116804 0.340514 0.114010 0.327315 0.113451 0.317635 0.111215 0.311476 0.104509 0.310156 0.093332 0.309276 0.059240 0.306196 0.035209 0.303997 0.005030
2 0.257801 0.329734 0.255161 0.342588 0.262640 0.356560 0.271879 0.349854 0.272759 0.333087 0.265720 0.317998
2 0.271439 0.297320 0.270999 0.308497 0.276719 0.322469 0.285958 0.326381 0.291678 0.313527 0.295197 0.303467 0.289038 0.297320 0.278479 0.292849
2 0.343593 0.320233 0.348873 0.334205 0.351953 0.350412 0.363832 0.369973 0.373071 0.376121 0.381430 0.375003 0.384510 0.361590 0.383190 0.348177 0.379670 0.339794 0.368231 0.330852 0.359872 0.330293 0.353272 0.319675
2 0.502860 0.245903 0.498020 0.270494 0.494940 0.295084 0.498020 0.319675 0.512979 0.320233 0.532337 0.316880 0.542896 0.304026 0.544656 0.285583 0.540257 0.257640 0.535417 0.241432 0.517379 0.242550
2 0.381870 0.259316 0.375711 0.276641 0.372631 0.292849 0.378350 0.308497 0.384510 0.325822 0.390669 0.338676 0.403428 0.348736 0.413987 0.350412 0.429826 0.347618 0.439505 0.341471 0.444345 0.327499 0.439505 0.306262 0.427186 0.291731 0.420147 0.275524 0.414867 0.262670 0.404308 0.259875
2 0.589532 0.394563 0.590852 0.407417 0.577653 0.420830 0.586453 0.439832 0.596132 0.432567 0.611971 0.421389 0.630009 0.415242 0.642328 0.405182 0.639688 0.382827 0.633089 0.345941 0.610211 0.340353 0.603171 0.362149 0.595692 0.375003 0.592612 0.384504
2 0.730320 0.257081 0.719321 0.271612 0.719321 0.286142 0.727241 0.298996 0.731200 0.312409 0.742199 0.313527 0.749239 0.307379 0.751879 0.291172 0.751439 0.274965 0.748799 0.265464
2 0.657287 0.305144 0.663006 0.327499 0.667846 0.344265 0.681485 0.355442 0.690724 0.353766 0.700403 0.337558 0.703483 0.318557 0.696883 0.306262 0.686764 0.301232 0.674885 0.304026
1 0.434666 0.007265 0.434666 0.023473 0.431146 0.048622 0.428506 0.064829 0.425866 0.073771 0.420147 0.077124 0.410908 0.078801 0.400788 0.079919 0.390669 0.080477 0.377030 0.084390 0.368231 0.095008 0.364711 0.106186 0.362072 0.120157 0.364272 0.141394 0.367351 0.155925 0.373071 0.168220 0.382750 0.181633 0.386710 0.196164 0.386710 0.211253 0.384070 0.229137 0.379670 0.256522 0.416627 0.259875 0.410908 0.227461 0.408708 0.196723 0.401668 0.171015 0.395509 0.157043 0.382310 0.143630 0.378790 0.134129 0.375711 0.121834 0.375711 0.112333 0.380990 0.104509 0.390669 0.101156 0.402988 0.098361 0.415747 0.092773 0.430266 0.083272 0.436865 0.069859 0.442145 0.056446 0.446545 0.040798 0.447424 0.029620 0.447424 0.007824
1 0.448744 0.040798 0.466783 0.043033 0.477782 0.043033 0.485701 0.047504 0.486141 0.061476 0.487461 0.086066 0.489221 0.118481 0.496700 0.133570 0.506379 0.143071 0.515619 0.158720 0.519138 0.186104 0.523098 0.204547 0.527058 0.222431 0.534097 0.237520 0.504180 0.244786 0.500660 0.216283 0.503300 0.196723 0.504620 0.167103 0.500660 0.159278 0.492301 0.153131 0.484381 0.143630 0.478222 0.126305 0.474702 0.100038 0.475142 0.081036 0.476022 0.055887 0.469863 0.053093 0.446105 0.051975
1 0.558735 0.005030 0.557855 0.012854 0.551696 0.014531 0.542896 0.014531 0.530577 0.015648 0.525298 0.019561 0.522658 0.029620 0.523538 0.045827 0.527498 0.054211 0.534977 0.059240 0.535857 0.070977 0.538057 0.100597 0.538937 0.116804 0.546856 0.146424 0.552136 0.154807 0.552136 0.171574 0.550816 0.186104 0.542896 0.200635 0.540697 0.215166 0.545536 0.236962 0.551256 0.259316 0.554335 0.286142 0.558295 0.317998 0.560055 0.337558 0.562695 0.359354 0.566214 0.375562 0.570174 0.397917 0.575014 0.407417 0.578533 0.409653 0.583813 0.406858 0.585133 0.392328 0.573694 0.363825 0.568414 0.338117 0.570614 0.314086 0.567974 0.277200 0.563575 0.249816 0.561375 0.230255 0.560495 0.212930 0.563135 0.197282 0.566654 0.178839 0.567974 0.158720 0.565334 0.144189 0.566214 0.129099 0.571934 0.119599 0.577653 0.110098 0.579413 0.101715 0.573254 0.100038 0.566654 0.113451 0.563575 0.117922 0.557415 0.128540 0.556095 0.144189 0.552136 0.134129 0.549936 0.118481 0.546416 0.088302 0.546416 0.071536 0.544656 0.058123 0.542456 0.054769 0.532777 0.047504 0.531457 0.042474 0.531457 0.032415 0.531897 0.027385 0.548616 0.025708 0.561375 0.022355 0.580733 0.034091 0.593052 0.037444 0.599652 0.042474 0.601411 0.059799 0.603611 0.084948 0.602291 0.120157 0.600971 0.146983 0.603611 0.197841 0.605371 0.249816 0.606251 0.290613 0.606691 0.334764 0.611531 0.341471 0.628689 0.342029 0.630449 0.300673 0.630449 0.268258 0.630889 0.229137 0.628249 0.190016 0.623849 0.151454 0.619010 0.121834 0.618130 0.093890 0.616810 0.071536 0.611531 0.043592 0.606251 0.031856 0.597892 0.026267 0.586013 0.022914 0.578093 0.020119 0.571054 0.017325 0.569294 0.010619 0.569734 0.004471
1 0.585133 0.241991 0.581173 0.262670 0.579853 0.279436 0.579853 0.299555 0.580733 0.318557 0.582933 0.339794 0.589532 0.358237 0.595692 0.369414 0.603611 0.356001 0.593052 0.337558 0.588652 0.317439 0.586453 0.297320 0.586453 0.273288 0.589972 0.248139 0.589092 0.231373
1 0.695891 0.005436 0.694424 0.032153 0.691000 0.065082 0.691000 0.093041 0.692957 0.114787 0.693446 0.150823 0.691489 0.172569 0.689044 0.195558 0.679261 0.221031 0.674370 0.226002 0.671436 0.238428 0.680729 0.226623 0.692468 0.212954 0.699315 0.186238 0.707630 0.141504 0.709587 0.097390 0.717413 0.107953 0.733553 0.111681 0.739423 0.118515 0.738445 0.172569 0.739912 0.209848 0.733064 0.255825 0.750183 0.266387 0.753607 0.222274 0.754585 0.155794 0.752629 0.122243 0.748227 0.106710 0.739912 0.098012 0.732086 0.096769 0.721326 0.089935 0.715945 0.081236 0.712521 0.043336 0.708608 0.005436
1 0.660186 0.055763 0.656273 0.120379 0.658719 0.161386 0.662631 0.206120 0.662142 0.235943 0.662631 0.260174 0.656273 0.300559 0.689044 0.299317 0.680240 0.264523 0.674370 0.237807 0.676816 0.214818 0.675838 0.191830 0.668501 0.154551 0.666544 0.118515 0.665566 0.071295
3 0.161775 0.093663 0.167645 0.109195 0.173025 0.128456 0.175471 0.147095 0.166667 0.175054 0.160797 0.197422 0.160797 0.231594 0.162265 0.251476 0.178405 0.303044 0.189655 0.324169 0.204329 0.339702 0.220959 0.348400 0.240523 0.348400 0.258132 0.358962 0.278674 0.360826 0.295304 0.362069 0.306065 0.371389 0.319760 0.375738 0.329543 0.367039 0.349107 0.372010 0.359379 0.378223 0.379922 0.381330 0.398019 0.375738 0.416116 0.373874 0.435681 0.382572 0.462093 0.406803 0.496332 0.416744 0.528124 0.419851 0.563830 0.432277 0.583394 0.440975 0.603937 0.440975 0.632306 0.426064 0.646491 0.425443 0.668012 0.411153 0.688555 0.385679 0.697848 0.364554 0.713989 0.355856 0.752629 0.342187 0.788824 0.322926 0.816703 0.287512 0.831866 0.234079 0.834312 0.206741 0.843605 0.174433 0.842137 0.150202 0.839692 0.121622 0.839692 0.090556 0.749205 0.091177 0.750673 0.000466 0.252262 0.000466 0.251284 0.091177
