0 0.261760 0.093332 0.261320 0.107303 0.269240 0.127982 0.281998 0.143630 0.296077 0.148101 0.307956 0.153690 0.314996 0.159278 0.326875 0.163749 0.338754 0.166544 0.351953 0.165985 0.359872 0.159278 0.372191 0.151454 0.380990 0.137482 0.386270 0.122393 0.386270 0.113451 0.390229 0.105068 0.396829 0.103950 0.406068 0.109539 0.410468 0.127423 0.412667 0.142512 0.418387 0.156484 0.428946 0.167103 0.443905 0.170456 0.462383 0.171015 0.477782 0.165985 0.489661 0.157043 0.496260 0.152572 0.508139 0.146424 0.520018 0.146983 0.536297 0.149219 0.549496 0.154249 0.556975 0.160396 0.571054 0.155366 0.586893 0.149778 0.596572 0.138600 0.603611 0.128540 0.607131 0.117363 0.618570 0.116804 0.629569 0.138041 0.639248 0.151454 0.651127 0.163190 0.658607 0.169338 0.668726 0.165426 0.682365 0.162073 0.695563 0.155925 0.707442 0.152572 0.721521 0.146424 0.732960 0.133011 0.741759 0.112892 0.746599 0.100597 0.746599 0.091655 0.757158 0.091096 0.758038 0.109539 0.753199 0.129099 0.744399 0.149219 0.736920 0.158161 0.724601 0.165985 0.712722 0.172132 0.699963 0.176603 0.688964 0.179398 0.677965 0.182192 0.670046 0.186663 0.666086 0.191693 0.660806 0.193370 0.651127 0.187781 0.641448 0.179957 0.632209 0.170456 0.625169 0.159837 0.620330 0.150895 0.610651 0.149219 0.600092 0.154807 0.590852 0.164867 0.582053 0.170456 0.568854 0.174368 0.557415 0.177162 0.551256 0.178280 0.542896 0.170456 0.533657 0.164867 0.520458 0.164867 0.510339 0.164308 0.505060 0.167103 0.498900 0.169338 0.491861 0.174368 0.480422 0.179398 0.463263 0.184986 0.445225 0.186663 0.423666 0.181074 0.414427 0.173809 0.408268 0.160955 0.402988 0.141394 0.401228 0.131894 0.393309 0.131894 0.389349 0.142512 0.380550 0.159837 0.369111 0.168779 0.355032 0.176045 0.340953 0.180516 0.323795 0.178839 0.308396 0.173809 0.290358 0.169338 0.276279 0.162632 0.263080 0.150336 0.259120 0.137482 0.253841 0.119040 0.251641 0.108980 0.251201 0.093890
1 0.314556 0.005589 0.313676 0.031856 0.317196 0.050857 0.325555 0.071536 0.331714 0.082713 0.337874 0.096685 0.344473 0.106186 0.354152 0.123511 0.358552 0.135806 0.362952 0.136365 0.365151 0.123511 0.359872 0.103950 0.348873 0.084948 0.336554 0.067065 0.331714 0.049181 0.324675 0.024031 0.324235 0.006706
2 0.337434 0.104509 0.336994 0.120716 0.339634 0.139159 0.351513 0.154807 0.358112 0.154807 0.370871 0.150336 0.377030 0.143630 0.380110 0.131335 0.380550 0.119040 0.361192 0.103950 0.363832 0.114010 0.365591 0.124069 0.363832 0.134129 0.353272 0.122393 0.347553 0.108980
1 0.430706 0.005030 0.431146 0.017325 0.428066 0.030179 0.424106 0.048622 0.417947 0.067623 0.416627 0.087184 0.419707 0.091655 0.425866 0.076565 0.431586 0.056446 0.434226 0.039680 0.439505 0.029620 0.446984 0.035209 0.450944 0.045827 0.451824 0.058123 0.448304 0.069859 0.443465 0.094449 0.443025 0.103391 0.449184 0.094449 0.454464 0.075448 0.459303 0.069859 0.462823 0.079360 0.465023 0.090537 0.467663 0.108980 0.471622 0.097244 0.469863 0.079919 0.466783 0.064829 0.461943 0.050298 0.455344 0.036327 0.446105 0.024590 0.443905 0.016766 0.442585 0.006148
2 0.414427 0.092214 0.416187 0.124628 0.418827 0.144189 0.431146 0.157043 0.439945 0.154807 0.444345 0.138041 0.446984 0.117363 0.442585 0.105627 0.435545 0.105068 0.428946 0.111774 0.425426 0.105068 0.425426 0.098920
2 0.465463 0.110657 0.464143 0.124069 0.468103 0.136365 0.476462 0.136924 0.483061 0.128540 0.481302 0.108980 0.472502 0.097803
1 0.558295 0.005589 0.557415 0.020678 0.554335 0.036886 0.552576 0.062035 0.551696 0.087184 0.551696 0.121275 0.564455 0.121834 0.573694 0.117922 0.580733 0.113451 0.578093 0.091655 0.575454 0.060358 0.572814 0.037444 0.571054 0.015090 0.569294 0.006706
2 0.550376 0.120716 0.541576 0.125187 0.538057 0.138041 0.541137 0.144748 0.550376 0.152013 0.560055 0.155925 0.566654 0.155366 0.578533 0.149778 0.586893 0.146983 0.592172 0.141394 0.595692 0.137482 0.596572 0.131894 0.593052 0.121275 0.580733 0.114010 0.573694 0.117363 0.566214 0.122393 0.561375 0.121834
1 0.674445 0.006148 0.674885 0.018443 0.667406 0.035209 0.661246 0.045827 0.656407 0.062594 0.652887 0.084948 0.650247 0.103391 0.644528 0.117363 0.651567 0.127982 0.664326 0.126864 0.670046 0.125187 0.674885 0.135247 0.676645 0.145307 0.681925 0.152013 0.686764 0.141394 0.680165 0.121275 0.675765 0.104509 0.672245 0.084948 0.671805 0.060917 0.679725 0.041915 0.685004 0.029620 0.686764 0.013972 0.686764 0.006706
2 0.644528 0.116804 0.630449 0.124069 0.626929 0.133011 0.631769 0.141953 0.641448 0.152013 0.652007 0.160955 0.662126 0.165985 0.671805 0.166544 0.682804 0.162632 0.689844 0.158720 0.687204 0.144189 0.682804 0.150336 0.675765 0.145307 0.674005 0.134688 0.670486 0.124628 0.663886 0.124628 0.654207 0.126864
3 0.251641 0.000559 0.250321 0.082154 0.253401 0.099479 0.262200 0.136924 0.278039 0.160955 0.300037 0.165426 0.330834 0.175486 0.351073 0.176045 0.367351 0.166544 0.377470 0.153131 0.386710 0.134129 0.399908 0.135247 0.404748 0.149219 0.413987 0.169338 0.432466 0.181633 0.453584 0.186104 0.482621 0.177162 0.498900 0.166544 0.517818 0.160396 0.529697 0.162632 0.547296 0.169897 0.556535 0.172132 0.576773 0.167661 0.596132 0.157602 0.608891 0.144748 0.619450 0.146424 0.631329 0.158720 0.641448 0.171574 0.657287 0.186663 0.666526 0.182192 0.674445 0.178280 0.694683 0.173250 0.728561 0.162632 0.738240 0.151454 0.747919 0.125746 0.754958 0.091096 0.750559 0.091096 0.750559 0.000559
