3 0.202011 0.089229 0.215576 0.127381 0.212669 0.170457 0.221873 0.223994 0.248033 0.256609 0.284851 0.265224 0.302775 0.292300 0.343952 0.316915 0.399663 0.315069 0.417103 0.309531 0.439387 0.323069 0.460702 0.313223 0.483471 0.308915 0.513991 0.311992 0.535790 0.324300 0.555652 0.327377 0.572123 0.323684 0.581812 0.308300 0.629287 0.300916 0.639945 0.303377 0.648180 0.318146 0.662229 0.305223 0.687905 0.292916 0.706798 0.286147 0.739740 0.284301 0.762024 0.260301 0.778979 0.225225 0.801748 0.166765 0.801263 0.134766 0.787699 0.108305 0.775588 0.098459 0.773650 0.089229 0.748459 0.089229 0.748944 0.000615 0.250455 0.000615 0.249971 0.087382
0 0.211700 0.089229 0.218482 0.104613 0.222358 0.124305 0.223811 0.161842 0.227202 0.195687 0.231562 0.219072 0.243673 0.238148 0.264504 0.249840 0.288726 0.255378 0.305682 0.255994 0.323121 0.258455 0.342014 0.263378 0.367690 0.267686 0.381739 0.273224 0.395787 0.282455 0.404507 0.290454 0.420009 0.299070 0.432120 0.303993 0.451013 0.303993 0.477173 0.300916 0.484440 0.293531 0.498004 0.286147 0.511084 0.286147 0.534822 0.292300 0.544995 0.292300 0.558559 0.291070 0.574546 0.284916 0.587141 0.283685 0.597799 0.288608 0.614754 0.291070 0.626865 0.288608 0.636069 0.287993 0.650603 0.295993 0.665136 0.289839 0.678700 0.282455 0.687420 0.276916 0.700984 0.273224 0.720362 0.276301 0.729082 0.263378 0.732957 0.249840 0.746522 0.233225 0.758148 0.213533 0.771228 0.189534 0.780433 0.173534 0.785761 0.152612 0.786730 0.129843 0.782855 0.114459 0.776557 0.105844 0.768806 0.089844 0.789637 0.091075 0.795935 0.099690 0.806592 0.119997 0.814343 0.141535 0.815312 0.165534 0.811437 0.195072 0.798357 0.224610 0.776557 0.268916 0.762993 0.287378 0.748944 0.299070 0.726660 0.302762 0.709220 0.302762 0.693233 0.310762 0.666589 0.326761 0.650118 0.336607 0.641398 0.329223 0.627350 0.321838 0.604096 0.326761 0.587141 0.330453 0.577937 0.340915 0.559044 0.347684 0.541119 0.348299 0.529493 0.343992 0.516413 0.335376 0.502849 0.328607 0.475720 0.328607 0.458764 0.331684 0.438902 0.342761 0.417587 0.331684 0.383192 0.337222 0.350250 0.337222 0.315855 0.328607 0.300837 0.315685 0.288726 0.300916 0.278553 0.285531 0.253362 0.276301 0.236891 0.272609 0.225749 0.263378 0.213638 0.246148 0.208794 0.223994 0.203465 0.199380 0.201527 0.180303 0.199105 0.161227 0.201043 0.133535 0.187478 0.089229
2 0.434542 0.251686 0.421947 0.273224 0.420978 0.289839 0.426791 0.311377 0.440356 0.315685 0.465547 0.315069 0.471844 0.306454 0.470391 0.284916 0.461187 0.263994 0.458280 0.253532
2 0.239798 0.199380 0.240767 0.223994 0.237375 0.239379 0.243189 0.254148 0.254815 0.259686 0.261597 0.255994 0.269833 0.243686 0.277100 0.231379 0.272255 0.220302 0.259175 0.212302
2 0.601674 0.244917 0.596345 0.276916 0.601674 0.293531 0.614270 0.301531 0.630741 0.299070 0.644305 0.288608 0.650118 0.275070 0.647212 0.256609 0.637038 0.241225
2 0.666105 0.236917 0.663683 0.260301 0.659807 0.281224 0.666105 0.290454 0.686451 0.278147 0.708735 0.267686 0.702922 0.254763 0.684998 0.243071
1 0.309557 0.001846 0.308588 0.011077 0.306166 0.020307 0.300837 0.027076 0.290664 0.031384 0.277100 0.034461 0.268380 0.036307 0.262082 0.041230 0.259660 0.062768 0.256753 0.089229 0.253846 0.121228 0.249486 0.149535 0.238344 0.189534 0.240767 0.195072 0.248518 0.190149 0.254331 0.177226 0.261113 0.161842 0.267895 0.127381 0.274193 0.102151 0.274193 0.070152 0.270317 0.058460 0.274193 0.052306 0.284366 0.049230 0.295993 0.043691 0.311495 0.034461 0.315855 0.027076 0.318277 0.015384 0.318277 0.002461
1 0.301322 0.107690 0.298899 0.137227 0.294055 0.156304 0.289211 0.171688 0.283882 0.190149 0.268380 0.215379 0.275162 0.222764 0.284851 0.205533 0.295508 0.185842 0.301806 0.165534 0.303259 0.148304
1 0.436965 0.004308 0.436480 0.019076 0.438418 0.033845 0.444716 0.055383 0.447138 0.077537 0.447622 0.105844 0.441325 0.153227 0.438902 0.178457 0.438902 0.212918 0.434058 0.246763 0.457796 0.251686 0.460702 0.227071 0.462156 0.198764 0.465547 0.169227 0.467000 0.129843 0.465547 0.097844 0.456827 0.063383 0.450045 0.038768 0.445200 0.021538 0.445685 0.004308
1 0.560981 0.003077 0.561950 0.013538 0.566795 0.023384 0.580843 0.028307 0.592954 0.028307 0.602159 0.032615 0.606519 0.041230 0.604581 0.067075 0.605550 0.085536 0.607003 0.105228 0.601190 0.125535 0.600705 0.161227 0.600705 0.188303 0.602643 0.220918 0.602643 0.243071 0.638492 0.238763 0.633163 0.196918 0.629287 0.155688 0.622021 0.105228 0.620083 0.072614 0.616207 0.035691 0.612332 0.022769 0.604096 0.017230 0.593439 0.014153 0.577937 0.014153 0.571155 0.012923 0.570186 0.006769 0.570186 0.003077
1 0.703407 0.004923 0.700984 0.011692 0.695656 0.015384 0.682576 0.015384 0.676278 0.020307 0.670465 0.033845 0.668527 0.047999 0.668527 0.066460 0.668042 0.085536 0.664167 0.103997 0.655931 0.109536 0.649634 0.115074 0.649149 0.135997 0.649149 0.163688 0.649634 0.184611 0.651087 0.207995 0.653025 0.223379 0.655447 0.237533 0.656900 0.244917 0.654478 0.257224 0.652540 0.267070 0.659807 0.268301 0.665620 0.233225 0.678216 0.238148 0.694687 0.246148 0.702438 0.242456 0.692749 0.233225 0.671918 0.220918 0.667558 0.209226 0.666589 0.183380 0.662229 0.155073 0.658354 0.134151 0.659807 0.123074 0.668042 0.116920 0.676278 0.105844 0.678216 0.084306 0.680638 0.065229 0.680638 0.049230 0.681122 0.039999 0.685482 0.031999 0.691780 0.029538 0.700500 0.025230 0.706313 0.021538 0.709704 0.016615 0.711158 0.009231 0.712126 0.003692
1 0.676278 0.016615 0.650603 0.016000 0.647696 0.025230 0.648180 0.071998 0.648665 0.110151 0.660291 0.105844 0.656416 0.068921 0.654478 0.028922 0.657385 0.025230 0.674340 0.024615
1 0.692264 0.081844 0.684998 0.121228 0.680638 0.151996 0.675794 0.170457 0.671434 0.181534 0.675794 0.187688 0.689842 0.185842 0.689842 0.157535 0.693718 0.113228 0.698562 0.085536
1 0.719393 0.107690 0.717940 0.161227 0.717940 0.215995 0.723269 0.228302 0.729566 0.223994 0.731504 0.208610 0.728113 0.136612 0.725206 0.107074 0.732473 0.099074 0.737802 0.090459 0.738771 0.071383 0.738286 0.038768 0.731504 0.027692 0.729566 0.033845 0.729082 0.057845 0.728113 0.078767 0.727629 0.086767 0.723753 0.096613
