0 0.266257 0.091918 0.263459 0.108169 0.266657 0.125943 0.274653 0.141686 0.284647 0.149812 0.288246 0.163015 0.291844 0.181805 0.297041 0.196532 0.303038 0.209228 0.315031 0.220909 0.330623 0.229542 0.357009 0.238175 0.371401 0.234620 0.379796 0.230050 0.392590 0.232081 0.407781 0.235128 0.425772 0.232081 0.441763 0.222432 0.457755 0.211768 0.463751 0.199580 0.470948 0.189931 0.477744 0.172156 0.481342 0.158953 0.492136 0.140163 0.511326 0.138131 0.529316 0.149304 0.535313 0.163523 0.540111 0.185360 0.544908 0.203642 0.564098 0.220909 0.580089 0.228018 0.607674 0.230558 0.620068 0.226495 0.632861 0.224971 0.647253 0.228526 0.662045 0.233605 0.675238 0.229034 0.693228 0.217354 0.700824 0.209736 0.707221 0.191962 0.712418 0.176727 0.718415 0.156413 0.724012 0.142702 0.729209 0.131530 0.732008 0.108677 0.733207 0.093442 0.760792 0.089887 0.763191 0.107153 0.763991 0.124928 0.761592 0.140671 0.752397 0.154382 0.743601 0.159968 0.734806 0.170633 0.733207 0.181805 0.728010 0.204658 0.725611 0.216846 0.717216 0.231573 0.705222 0.244269 0.690430 0.250871 0.670041 0.256965 0.652051 0.259504 0.636859 0.259504 0.616869 0.257981 0.600878 0.256965 0.574492 0.250871 0.555702 0.244269 0.547307 0.234620 0.534514 0.220909 0.526118 0.207197 0.521321 0.191454 0.512925 0.181297 0.501331 0.178758 0.491736 0.188915 0.485340 0.204658 0.475745 0.218877 0.464551 0.234620 0.452557 0.240714 0.424173 0.257981 0.399786 0.261028 0.386193 0.256457 0.374199 0.256965 0.360607 0.258488 0.345015 0.258488 0.331422 0.257473 0.315831 0.251379 0.306236 0.245285 0.295841 0.232081 0.286646 0.216338 0.277851 0.205166 0.274253 0.188915 0.269855 0.173680 0.264258 0.165047 0.255463 0.154890 0.248667 0.146257 0.243869 0.135084 0.241870 0.126451 0.240271 0.115279 0.241071 0.102583 0.245468 0.094457 0.251465 0.089887
1 0.316630 0.004571 0.315031 0.024884 0.316630 0.040627 0.320628 0.066527 0.322627 0.084809 0.323427 0.105122 0.321428 0.127975 0.326225 0.119341 0.328624 0.104106 0.335820 0.100044 0.343416 0.106646 0.349413 0.132545 0.352211 0.143718 0.363005 0.159460 0.361007 0.138131 0.357408 0.114771 0.353810 0.100044 0.347414 0.096489 0.340218 0.089887 0.337419 0.074144 0.333821 0.059417 0.330623 0.042150 0.327025 0.028947 0.325026 0.013712 0.325825 0.004571
2 0.318629 0.129498 0.311033 0.147272 0.305836 0.159460 0.303437 0.176727 0.303837 0.188407 0.314232 0.182313 0.321028 0.171649 0.331422 0.165555 0.341417 0.169617 0.350212 0.179774 0.359008 0.192978 0.365404 0.209736 0.370202 0.213799 0.375799 0.207197 0.373000 0.189931 0.367803 0.169617 0.365004 0.159460 0.352611 0.147272 0.350212 0.131022 0.344216 0.106646 0.336220 0.101567 0.329423 0.103599 0.328224 0.119849 0.325026 0.127467
1 0.429770 0.006602 0.429770 0.021837 0.426571 0.038088 0.421774 0.048244 0.414178 0.061956 0.409780 0.074652 0.406582 0.095981 0.402584 0.113755 0.398986 0.134577 0.396188 0.150319 0.394589 0.160476 0.403384 0.162000 0.416177 0.164539 0.422973 0.162507 0.425772 0.155398 0.422174 0.131022 0.428970 0.097504 0.433368 0.072621 0.441363 0.061448 0.445361 0.049260 0.445761 0.031486 0.444162 0.017774 0.441763 0.006602
2 0.394589 0.160476 0.389791 0.177743 0.384994 0.190946 0.384194 0.202119 0.384194 0.217354 0.386593 0.230050 0.393389 0.230050 0.398986 0.228018 0.402984 0.223448 0.408581 0.217862 0.415377 0.205674 0.418975 0.200595 0.422574 0.190946 0.424972 0.178250 0.425372 0.160476 0.415377 0.164539 0.405383 0.164539
1 0.557701 0.006094 0.556902 0.023868 0.554103 0.043166 0.554103 0.063987 0.558900 0.084809 0.573693 0.100552 0.581688 0.112232 0.584487 0.135084 0.589684 0.151335 0.599679 0.168094 0.606475 0.176219 0.612872 0.174696 0.612472 0.160476 0.602877 0.132037 0.596480 0.110200 0.592882 0.097504 0.584487 0.085316 0.579689 0.072113 0.573693 0.054846 0.571294 0.043166 0.568495 0.029454 0.568096 0.007618 0.562499 0.006602
2 0.581288 0.123404 0.580089 0.145241 0.584487 0.179266 0.591683 0.199072 0.599279 0.206689 0.609273 0.218369 0.619268 0.222940 0.622466 0.213291 0.623666 0.203642 0.620467 0.184852 0.614471 0.175203 0.606875 0.176727 0.598479 0.166570 0.591283 0.152859
1 0.672839 0.007110 0.671240 0.027931 0.666443 0.050784 0.660846 0.072113 0.653650 0.085824 0.647653 0.105630 0.642456 0.134069 0.642456 0.144733 0.653650 0.143718 0.655649 0.128482 0.656048 0.104614 0.663644 0.090395 0.670441 0.100044 0.674838 0.121373 0.677637 0.121373 0.679236 0.095981 0.682034 0.066527 0.684033 0.044690 0.684033 0.019806 0.682434 0.007110
2 0.642456 0.145241 0.640857 0.163523 0.640057 0.187391 0.637258 0.206689 0.638858 0.219893 0.650052 0.217862 0.652450 0.205166 0.653250 0.195009 0.662045 0.186884 0.667642 0.184344 0.681635 0.179774 0.688431 0.175711 0.689231 0.164031 0.684033 0.135592 0.678436 0.122896 0.675238 0.122388 0.670441 0.101567 0.663245 0.090903 0.656448 0.108677 0.659247 0.130006 0.655249 0.145241
3 0.254612 0.090310 0.249264 0.107554 0.254612 0.136295 0.268599 0.149882 0.278472 0.166604 0.280940 0.182281 0.286288 0.203183 0.295338 0.221473 0.315084 0.237673 0.332774 0.247601 0.352520 0.248647 0.368564 0.248647 0.382140 0.248124 0.397772 0.249169 0.417930 0.250737 0.432739 0.242376 0.460713 0.220428 0.473466 0.207364 0.485396 0.183849 0.500617 0.169217 0.517484 0.174965 0.529414 0.200571 0.552862 0.230357 0.589887 0.247079 0.618272 0.249169 0.656530 0.250214 0.695200 0.237150 0.716592 0.208409 0.721117 0.186461 0.730990 0.152495 0.742097 0.145179 0.756496 0.090832 0.749091 0.089264 0.749091 0.001474 0.250086 0.001996 0.250498 0.089264
