0 0.218098 0.090090 0.225564 0.114475 0.234629 0.134796 0.237829 0.151053 0.248267 0.164539 0.255063 0.175711 0.266257 0.191454 0.278251 0.208213 0.286247 0.222432 0.287954 0.241143 0.299152 0.254691 0.309284 0.264174 0.321015 0.269593 0.331147 0.279753 0.341812 0.289914 0.352477 0.289914 0.364208 0.286527 0.372207 0.280431 0.382872 0.283140 0.404202 0.285850 0.416467 0.281108 0.429798 0.272302 0.439396 0.260787 0.447395 0.255368 0.466550 0.244269 0.482941 0.259504 0.502853 0.275012 0.524716 0.275012 0.564710 0.279753 0.598304 0.278399 0.615901 0.269593 0.632965 0.255368 0.648430 0.251981 0.669760 0.243853 0.679358 0.237757 0.705487 0.252659 0.717219 0.254691 0.735349 0.241821 0.748680 0.226241 0.760412 0.207275 0.768410 0.163246 0.765211 0.138861 0.766811 0.091445 0.779609 0.089413 0.788674 0.111089 0.790274 0.129377 0.792940 0.149699 0.794006 0.174761 0.795606 0.188986 0.795606 0.213371 0.787607 0.236402 0.778009 0.257400 0.755612 0.280431 0.733216 0.295333 0.714552 0.295333 0.701221 0.292623 0.687890 0.296688 0.670826 0.300752 0.648430 0.304816 0.632432 0.310235 0.616435 0.315654 0.601504 0.318363 0.583907 0.319718 0.558844 0.321750 0.529515 0.321073 0.502320 0.315654 0.484189 0.308203 0.470858 0.302107 0.456460 0.302107 0.441529 0.310235 0.424999 0.316331 0.408468 0.323105 0.389271 0.326492 0.369541 0.327169 0.353010 0.328524 0.334880 0.326492 0.321015 0.323782 0.308751 0.313622 0.297552 0.304139 0.283688 0.289914 0.273023 0.283818 0.263425 0.273657 0.258625 0.250627 0.246894 0.235724 0.233563 0.228951 0.222898 0.220822 0.214366 0.193728 0.213299 0.177471 0.211166 0.158504 0.207967 0.145634 0.203167 0.132764 0.198368 0.114475 0.196769 0.102283 0.195702 0.090090
2 0.332214 0.235047 0.327414 0.253336 0.321549 0.268238 0.318882 0.284495 0.324215 0.297365 0.340745 0.301429 0.354077 0.303461 0.364208 0.298042 0.369541 0.282463 0.369541 0.264851 0.363675 0.243176 0.361542 0.234370
2 0.420733 0.209984 0.434064 0.210662 0.442063 0.219468 0.432464 0.235047 0.424999 0.242498 0.416467 0.250627 0.405802 0.251304 0.393004 0.256046 0.383405 0.246562 0.382339 0.228951 0.395137 0.225564 0.405802 0.220822 0.413800 0.216081
2 0.506052 0.221500 0.492721 0.218790 0.486855 0.223532 0.486322 0.234370 0.495387 0.245208 0.503386 0.248594 0.510852 0.251304 0.514051 0.263497 0.522050 0.269593 0.537514 0.268916 0.541247 0.254691 0.533781 0.243853 0.528982 0.231660 0.521517 0.221500 0.511385 0.219468
2 0.729483 0.195760 0.731616 0.213371 0.730550 0.229628 0.735882 0.237757 0.748147 0.237757 0.755079 0.228951 0.763611 0.220822 0.770010 0.206598 0.774809 0.191695 0.771610 0.180180 0.757745 0.180180 0.747080 0.173406 0.741748 0.175439 0.734283 0.178825 0.727884 0.181535
2 0.648963 0.203211 0.649496 0.212694 0.661228 0.213371 0.668693 0.203211 0.676158 0.209307 0.679891 0.199824 0.672426 0.186954 0.662827 0.188986
2 0.587106 0.216758 0.582840 0.230305 0.591905 0.241821 0.602570 0.241821 0.611635 0.233692 0.614302 0.221500 0.606836 0.217435
1 0.315683 0.004742 0.315683 0.031836 0.315150 0.055544 0.319949 0.084671 0.326881 0.107024 0.331147 0.134796 0.332214 0.172729 0.332214 0.207275 0.331680 0.224209 0.361542 0.226919 0.366875 0.209984 0.366875 0.175439 0.363675 0.153763 0.358343 0.139538 0.347144 0.119217 0.339146 0.100251 0.334880 0.087381 0.327948 0.060286 0.325281 0.026417 0.325281 0.005419
1 0.437263 0.006774 0.433531 0.013547 0.427132 0.015579 0.413267 0.014902 0.401003 0.014902 0.391937 0.028450 0.388738 0.040642 0.391937 0.059608 0.410068 0.075865 0.414334 0.079930 0.415400 0.096864 0.410601 0.108379 0.402069 0.119217 0.393537 0.128700 0.385538 0.143602 0.382872 0.155118 0.379673 0.181535 0.379673 0.203888 0.379673 0.218790 0.385538 0.224209 0.389271 0.214049 0.390871 0.191695 0.398336 0.188986 0.399403 0.201856 0.403669 0.211339 0.409534 0.212694 0.412734 0.209307 0.416467 0.201179 0.411667 0.189663 0.405268 0.183567 0.398870 0.172729 0.395670 0.163246 0.399936 0.151731 0.405268 0.140215 0.413267 0.133442 0.418600 0.142248 0.416467 0.149021 0.420733 0.148344 0.427665 0.136829 0.432464 0.122604 0.432997 0.105670 0.430331 0.084671 0.424465 0.073833 0.415400 0.065027 0.404735 0.057576 0.401536 0.048771 0.400469 0.041997 0.402602 0.034546 0.409534 0.029804 0.421266 0.027772 0.429798 0.025740 0.440996 0.021676 0.445795 0.012193 0.446329 0.005419
3 0.204767 0.090767 0.210633 0.110411 0.218098 0.125313 0.225031 0.149021 0.225564 0.172052 0.233029 0.193728 0.246361 0.209307 0.258625 0.219468 0.269823 0.234370 0.277289 0.251981 0.290620 0.275012 0.302885 0.281786 0.313017 0.286527 0.324215 0.299397 0.335946 0.306171 0.370607 0.300075 0.387138 0.300075 0.412201 0.297365 0.427132 0.291269 0.440463 0.286527 0.452728 0.283818 0.473524 0.285850 0.496987 0.296010 0.523116 0.298720 0.542313 0.298720 0.559377 0.297365 0.574308 0.298042 0.592972 0.300075 0.616968 0.297365 0.628166 0.287882 0.635632 0.283140 0.659095 0.284495 0.677758 0.279076 0.690023 0.274334 0.708153 0.274334 0.728950 0.272980 0.746014 0.262142 0.758279 0.247917 0.776409 0.212694 0.783341 0.173406 0.779609 0.129377 0.774276 0.090090 0.749213 0.088735 0.747614 0.059608 0.749213 0.028450 0.747614 0.000000 0.251693 0.001355 0.251693 0.023708 0.252760 0.047416 0.251693 0.067737 0.250627 0.081962 0.251160 0.088735
1 0.562043 0.005419 0.558311 0.012193 0.544446 0.014902 0.533781 0.016257 0.526316 0.029127 0.524183 0.044029 0.523116 0.066382 0.526316 0.113121 0.523116 0.144957 0.524716 0.178148 0.522583 0.201856 0.512985 0.210662 0.527382 0.221500 0.533781 0.212694 0.542313 0.194405 0.547112 0.155118 0.546046 0.120572 0.542313 0.097541 0.538047 0.058254 0.533781 0.036578 0.540713 0.029127 0.556711 0.025063 0.563643 0.021676 0.568442 0.011515 0.571109 0.004742
1 0.566309 0.021676 0.578574 0.023708 0.596171 0.023708 0.601504 0.027772 0.598838 0.051480 0.596171 0.073833 0.587639 0.093477 0.587106 0.111766 0.579641 0.118540 0.578574 0.134796 0.583907 0.161891 0.587106 0.193050 0.587106 0.210662 0.615901 0.213371 0.617501 0.178825 0.617501 0.158504 0.612169 0.154440 0.599371 0.154440 0.589239 0.138183 0.586573 0.127345 0.594572 0.115830 0.597771 0.104315 0.598838 0.087381 0.602570 0.071124 0.607903 0.041997 0.608969 0.026417 0.605236 0.015579 0.588706 0.012193 0.569509 0.013547
1 0.595105 0.115830 0.602570 0.138861 0.605770 0.153763 0.611635 0.153763 0.600971 0.111766 0.597238 0.107702
1 0.689490 0.004742 0.690556 0.014225 0.696955 0.023708 0.712419 0.025063 0.722018 0.029127 0.725217 0.039287 0.725751 0.054867 0.724151 0.077897 0.721485 0.094832 0.722018 0.121249 0.726817 0.157827 0.727884 0.180180 0.747614 0.170697 0.741215 0.148344 0.741215 0.119894 0.738015 0.099573 0.736949 0.085349 0.737482 0.028450 0.730550 0.016257 0.716152 0.014902 0.703354 0.011515 0.698022 0.010161 0.696422 0.004064
1 0.687357 0.012870 0.655362 0.016257 0.651629 0.018289 0.650029 0.060963 0.652162 0.072478 0.664960 0.081962 0.669226 0.086026 0.666560 0.102283 0.662827 0.115153 0.662294 0.125991 0.662294 0.136829 0.665494 0.152408 0.666027 0.166633 0.666027 0.182212 0.677225 0.182890 0.676158 0.154440 0.670826 0.134796 0.671359 0.122604 0.675625 0.098896 0.678825 0.081962 0.669760 0.074511 0.661228 0.071124 0.657495 0.058254 0.657495 0.027095 0.676158 0.023708 0.683624 0.023708 0.695355 0.023031
1 0.648430 0.196437 0.649496 0.157827 0.648430 0.141570 0.651629 0.130732 0.655895 0.142248 0.658028 0.157827 0.660161 0.178148 0.661228 0.184244
