0 0.177305 0.089933 0.178032 0.106548 0.184208 0.121779 0.200195 0.130086 0.210477 0.139640 0.209579 0.153324 0.205090 0.169290 0.204641 0.184685 0.207783 0.204641 0.214965 0.216615 0.230676 0.220607 0.244591 0.226309 0.253569 0.233721 0.262097 0.245125 0.275114 0.253678 0.292172 0.251967 0.313269 0.247406 0.330775 0.236002 0.350974 0.224598 0.367582 0.218896 0.378804 0.206922 0.389577 0.203501 0.402594 0.216045 0.414265 0.230300 0.424140 0.242844 0.434464 0.253108 0.447033 0.265082 0.460499 0.277626 0.483392 0.284468 0.499551 0.284468 0.517057 0.283328 0.530972 0.286749 0.536808 0.298153 0.552069 0.301004 0.576308 0.297582 0.602792 0.283328 0.618503 0.263371 0.626582 0.253108 0.646333 0.259380 0.656208 0.253108 0.672816 0.253108 0.699300 0.251967 0.726681 0.242274 0.754062 0.222317 0.784137 0.192667 0.801643 0.164158 0.812865 0.136218 0.827678 0.090603 0.851917 0.088322 0.845632 0.134508 0.838002 0.161307 0.820496 0.199510 0.802989 0.223458 0.775608 0.245695 0.739249 0.271354 0.704237 0.284468 0.673714 0.281047 0.663390 0.285608 0.660248 0.303284 0.649026 0.303284 0.643639 0.285608 0.635111 0.291310 0.621196 0.305565 0.603241 0.317539 0.583490 0.327802 0.557007 0.329513 0.533665 0.329513 0.517955 0.323241 0.505835 0.315258 0.485636 0.315258 0.467232 0.315258 0.450624 0.308986 0.427283 0.282757 0.402594 0.263371 0.392719 0.247976 0.377906 0.247976 0.369378 0.259950 0.351872 0.273064 0.328530 0.285608 0.302496 0.288459 0.274666 0.282757 0.248631 0.274205 0.237858 0.254818 0.214965 0.248546 0.196113 0.234861 0.188931 0.220607 0.184891 0.203501 0.187584 0.182404 0.189829 0.160166 0.186238 0.150473 0.173669 0.137359 0.160652 0.126525 0.155714 0.116832 0.151674 0.097446 0.154368 0.088893
1 0.292621 0.003364 0.289927 0.020470 0.287234 0.040997 0.283643 0.058102 0.276910 0.076919 0.271523 0.094595 0.266137 0.115121 0.261648 0.131087 0.254915 0.152184 0.247284 0.159596 0.238307 0.166439 0.246387 0.190957 0.260302 0.177842 0.270177 0.158456 0.276461 0.141350 0.283643 0.112270 0.292172 0.085472 0.299354 0.068366 0.304291 0.042137 0.306536 0.025031 0.302945 0.002224
2 0.236960 0.164728 0.234267 0.153894 0.222596 0.151614 0.208681 0.157316 0.203295 0.182974 0.197011 0.194378 0.195664 0.207492 0.202846 0.220036 0.214965 0.218896 0.225290 0.212624 0.232920 0.211484 0.243693 0.214905 0.252222 0.216615 0.256262 0.206352 0.254017 0.196088 0.249529 0.190957
1 0.433567 0.005075 0.435362 0.025031 0.435362 0.047839 0.438953 0.068366 0.440749 0.086042 0.440749 0.106569 0.440300 0.121394 0.444340 0.127666 0.450624 0.121964 0.449277 0.106569 0.449726 0.096305 0.452868 0.086042 0.459153 0.095735 0.465437 0.107139 0.474863 0.119113 0.485187 0.132797 0.492369 0.145342 0.503591 0.156175 0.513466 0.173851 0.523790 0.193808 0.528728 0.200650 0.534114 0.199510 0.538603 0.184114 0.533217 0.164158 0.519302 0.150473 0.504938 0.143631 0.493267 0.129946 0.489676 0.113981 0.485636 0.102577 0.478454 0.094595 0.467681 0.083191 0.459601 0.071217 0.452419 0.048409 0.449726 0.030733 0.447033 0.014198 0.447482 0.006215
1 0.432669 0.038716 0.425038 0.045558 0.411572 0.048409 0.410225 0.066085 0.413816 0.087182 0.414714 0.116262 0.419652 0.142491 0.428180 0.172711 0.434016 0.192667 0.441198 0.206352 0.451522 0.219466 0.460050 0.215475 0.451522 0.198939 0.442993 0.188676 0.435811 0.171570 0.430874 0.152184 0.425487 0.123104 0.422345 0.099156 0.420998 0.082050 0.418305 0.068366 0.419652 0.057532 0.426385 0.054681 0.432220 0.051830
2 0.449277 0.219466 0.448380 0.235432 0.448828 0.253678 0.454215 0.280477 0.464090 0.292451 0.471272 0.283328 0.471721 0.261090 0.468130 0.239993 0.468130 0.223458 0.460499 0.214905
2 0.541745 0.184114 0.555660 0.197229 0.558802 0.210913 0.552967 0.230300 0.536359 0.257099 0.525137 0.255958 0.511671 0.243414 0.505386 0.233151 0.500449 0.219466 0.501795 0.202361 0.506284 0.192097 0.510324 0.181834 0.513017 0.174421 0.525586 0.191527 0.530075 0.199510 0.534114 0.198369
1 0.540399 0.005645 0.540399 0.015908 0.537705 0.026172 0.531421 0.034154 0.523341 0.037576 0.519302 0.048979 0.517955 0.065515 0.516159 0.079199 0.513017 0.097446 0.507631 0.121964 0.507182 0.139640 0.518404 0.148763 0.527381 0.157316 0.532768 0.161877 0.532319 0.114551 0.527381 0.094024 0.526932 0.066655 0.528728 0.054681 0.536808 0.044418 0.543990 0.034725 0.552967 0.050690 0.565536 0.069506 0.578553 0.078629 0.588428 0.094024 0.591121 0.124244 0.588877 0.149333 0.583042 0.144771 0.574962 0.153894 0.574513 0.167009 0.574513 0.178413 0.573166 0.200080 0.571820 0.215475 0.563291 0.244555 0.555211 0.256529 0.549825 0.265082 0.544438 0.272494 0.548029 0.281617 0.557007 0.279336 0.570024 0.258239 0.577655 0.240563 0.583042 0.226879 0.585735 0.216615 0.588877 0.202361 0.598752 0.186395 0.605934 0.173281 0.611321 0.159026 0.611769 0.131657 0.611321 0.107709 0.600548 0.083191 0.587979 0.073498 0.576757 0.063234 0.565984 0.048409 0.558354 0.035865 0.556109 0.019900 0.556558 0.003934
2 0.543990 0.271924 0.533217 0.276485 0.523790 0.287889 0.520199 0.303854 0.530075 0.317539 0.539501 0.316399 0.547132 0.303854 0.552967 0.290740 0.554763 0.278766
2 0.610423 0.175562 0.614912 0.201220 0.614912 0.225168 0.613116 0.242844 0.602792 0.257669 0.588877 0.268503 0.576757 0.273064 0.570024 0.272494 0.568229 0.262231 0.579002 0.238853 0.583042 0.228019 0.585735 0.218326 0.587530 0.202931 0.596508 0.189246
1 0.693464 0.005645 0.694362 0.029023 0.687629 0.062664 0.682691 0.098586 0.678652 0.135648 0.674612 0.159596 0.669225 0.181834 0.664288 0.202931 0.662492 0.214335 0.668327 0.220036 0.679549 0.208633 0.690322 0.191527 0.696607 0.173851 0.702442 0.154465 0.707828 0.133938 0.715010 0.108279 0.718152 0.098016 0.718152 0.088322 0.718152 0.073498 0.712317 0.045558 0.709624 0.032444 0.708726 0.013057 0.708726 0.006215
1 0.644537 0.101437 0.635111 0.129376 0.629724 0.153894 0.629724 0.197229 0.630173 0.218896 0.633764 0.245125 0.640048 0.251397 0.644088 0.247406 0.643639 0.231440 0.640048 0.214905 0.640048 0.189246 0.644537 0.162447 0.645884 0.144201 0.649026 0.117972
2 0.703788 0.157316 0.703788 0.177842 0.703340 0.191527 0.702891 0.217186 0.693464 0.238283 0.683589 0.261660 0.671918 0.263941 0.658452 0.258239 0.653515 0.246265 0.649026 0.233151 0.646333 0.219466 0.647679 0.208633 0.650821 0.198369 0.657555 0.190957 0.662941 0.184685 0.666532 0.204641 0.673265 0.215475 0.680447 0.204071 0.690322 0.177272
2 0.633764 0.244555 0.631969 0.257669 0.636009 0.266792 0.643191 0.277056 0.647679 0.279336 0.652168 0.269643 0.650373 0.253108 0.646782 0.244555
3 0.250426 0.000513 0.250426 0.090033 0.160652 0.090033 0.162447 0.115121 0.170527 0.126525 0.187584 0.139069 0.194317 0.149903 0.192522 0.161877 0.193868 0.190387 0.196562 0.217186 0.205090 0.230870 0.223943 0.234861 0.234267 0.239993 0.245489 0.249686 0.252671 0.259380 0.276910 0.271924 0.302496 0.276485 0.334815 0.271354 0.354116 0.258239 0.374764 0.241134 0.388231 0.239423 0.401697 0.251967 0.425487 0.271354 0.446135 0.289030 0.461846 0.303284 0.498205 0.304425 0.515711 0.308986 0.526932 0.318109 0.546683 0.322671 0.565984 0.319820 0.593366 0.315828 0.612667 0.298723 0.630622 0.280477 0.640497 0.274205 0.660248 0.273064 0.684936 0.273064 0.717704 0.266792 0.745085 0.251967 0.773364 0.228589 0.796256 0.210343 0.816007 0.184114 0.829922 0.153324 0.834411 0.119113 0.840695 0.090603 0.749574 0.090033 0.751368 0.000000
