0 0.230083 0.089978 0.232723 0.108980 0.239322 0.127982 0.247681 0.142512 0.261760 0.158720 0.270119 0.173250 0.288401 0.180427 0.303967 0.190932 0.318074 0.203290 0.328775 0.216266 0.344828 0.226152 0.360312 0.244227 0.373071 0.243109 0.385830 0.251492 0.397269 0.257640 0.412227 0.258758 0.431586 0.249257 0.450064 0.233608 0.460183 0.220754 0.465903 0.203429 0.474702 0.174368 0.482182 0.159837 0.490101 0.147542 0.499780 0.146983 0.509019 0.152013 0.514739 0.168220 0.517379 0.185545 0.525738 0.201194 0.540697 0.216842 0.560055 0.229696 0.584693 0.240315 0.605371 0.236962 0.613730 0.219078 0.626929 0.224666 0.637488 0.245345 0.652740 0.245307 0.667820 0.240364 0.683385 0.234803 0.700843 0.229137 0.710082 0.205665 0.715802 0.182192 0.723721 0.157602 0.728121 0.135247 0.736920 0.108421 0.743959 0.092773 0.764198 0.091655 0.766837 0.112333 0.764198 0.135247 0.756718 0.146983 0.747919 0.159278 0.743079 0.176603 0.736480 0.199517 0.731200 0.221313 0.722841 0.239197 0.713602 0.254845 0.700403 0.266582 0.688084 0.272729 0.672685 0.276083 0.658167 0.277200 0.635289 0.271053 0.625609 0.271053 0.613290 0.274965 0.598772 0.269376 0.583373 0.262670 0.567974 0.260434 0.549056 0.251492 0.538057 0.240874 0.530137 0.228020 0.518258 0.215724 0.510779 0.203988 0.505060 0.196164 0.490981 0.196723 0.479102 0.207341 0.476902 0.219637 0.463703 0.243668 0.450064 0.264346 0.434666 0.272729 0.411787 0.282230 0.391989 0.283907 0.377470 0.272729 0.364272 0.265464 0.347113 0.264346 0.325995 0.256522 0.305317 0.245345 0.286838 0.228578 0.270119 0.211812 0.255601 0.183310 0.246362 0.171015 0.236682 0.160396 0.227883 0.142512 0.219964 0.126305 0.217764 0.110657 0.213364 0.091655
1 0.317196 0.003912 0.315436 0.013972 0.313236 0.023473 0.305317 0.028502 0.293438 0.029061 0.281119 0.034091 0.271439 0.042474 0.267920 0.051975 0.267920 0.066506 0.267920 0.079919 0.267920 0.089419 0.264840 0.098361 0.256041 0.097244 0.256041 0.112333 0.266160 0.112333 0.274079 0.104509 0.277599 0.093890 0.278479 0.081036 0.277599 0.063152 0.282878 0.055328 0.292118 0.050298 0.305317 0.044151 0.319395 0.034650 0.325555 0.025708 0.327315 0.011177 0.327315 0.002235
2 0.254721 0.096126 0.243722 0.092773 0.234043 0.092773 0.230523 0.092773 0.232723 0.106744 0.235802 0.116804 0.240202 0.130776 0.245482 0.131894 0.250761 0.124069 0.254721 0.112892 0.256921 0.112333
1 0.429467 0.005561 0.429467 0.026570 0.426549 0.043871 0.419738 0.063644 0.417306 0.084035 0.410010 0.100718 0.402713 0.110604 0.393958 0.113694 0.389093 0.122962 0.386661 0.143971 0.382770 0.163744 0.383742 0.179192 0.392498 0.180427 0.401254 0.174248 0.404659 0.160654 0.399795 0.143971 0.398822 0.130995 0.409037 0.122345 0.420711 0.111222 0.427521 0.087742 0.435304 0.060554 0.437737 0.044489 0.440169 0.012976 0.439196 0.004325
2 0.407578 0.158801 0.422657 0.175484 0.439682 0.190314 0.447465 0.199582 0.448438 0.209469 0.439196 0.224298 0.427035 0.232331 0.413415 0.240364 0.399795 0.240982 0.382283 0.236039 0.380824 0.227388 0.384229 0.201436 0.383742 0.179192 0.393471 0.181663 0.401740 0.174866
1 0.558372 0.006179 0.559345 0.024098 0.565669 0.035220 0.577829 0.038928 0.589017 0.043871 0.593395 0.055611 0.594855 0.074148 0.589017 0.087124 0.587558 0.109369 0.583180 0.125434 0.579775 0.139646 0.571506 0.152004 0.561291 0.165598 0.549616 0.168687 0.540374 0.169923 0.540860 0.181045 0.553994 0.180427 0.571019 0.171159 0.579775 0.155711 0.585126 0.142735 0.594855 0.126052 0.599232 0.108133 0.602151 0.091449 0.606042 0.076620 0.608961 0.056229 0.606529 0.043871 0.595827 0.034603 0.583180 0.028423 0.576370 0.027188 0.572479 0.019155 0.571506 0.010504 0.570533 0.006179
2 0.538915 0.167451 0.529672 0.165598 0.521890 0.165598 0.516539 0.172395 0.517998 0.185371 0.521403 0.194639 0.527727 0.194639 0.533564 0.192167 0.540374 0.183517
1 0.672684 0.006797 0.672684 0.019155 0.680467 0.027806 0.691168 0.027806 0.709653 0.027806 0.720841 0.027806 0.724246 0.035220 0.722786 0.050668 0.721327 0.067969 0.719381 0.090832 0.714031 0.121727 0.715004 0.137792 0.717922 0.150150 0.725705 0.149532 0.729110 0.129759 0.733488 0.105661 0.730083 0.085270 0.730569 0.064262 0.730569 0.049432 0.730569 0.038310 0.730569 0.027806 0.731056 0.016683 0.717922 0.016065 0.706248 0.017301 0.684845 0.014212 0.682899 0.004325
1 0.672197 0.022862 0.668792 0.043253 0.664414 0.064880 0.659064 0.073530 0.648849 0.079091 0.640093 0.087124 0.637661 0.106279 0.635715 0.127288 0.633283 0.150768 0.630851 0.172395 0.635715 0.187224 0.637174 0.177956 0.641552 0.155093 0.643498 0.129141 0.644957 0.111222 0.646416 0.095157 0.654199 0.087742 0.661496 0.085270 0.672197 0.074766 0.675602 0.056847 0.677062 0.040164 0.679007 0.028423
2 0.715490 0.147061 0.713544 0.160654 0.715490 0.174248 0.721814 0.182281 0.727164 0.171777 0.729597 0.155093 0.726678 0.148296
2 0.630364 0.178574 0.630364 0.191550 0.630364 0.202672 0.634742 0.215648 0.640093 0.209469 0.641066 0.195875 0.639120 0.179809
3 0.217869 0.090832 0.224679 0.113694 0.237326 0.145207 0.257756 0.178574 0.278186 0.199582 0.297157 0.226152 0.317587 0.242218 0.343368 0.251486 0.358448 0.254576 0.373527 0.254576 0.383742 0.269405 0.406605 0.273113 0.429467 0.265080 0.452816 0.250250 0.466436 0.226152 0.479083 0.198346 0.489785 0.182281 0.499514 0.183517 0.511674 0.193403 0.525781 0.213794 0.547184 0.234185 0.579775 0.250868 0.598260 0.250868 0.622095 0.252104 0.640579 0.260137 0.664414 0.263226 0.684845 0.260137 0.704302 0.238510 0.718409 0.211940 0.726192 0.189078 0.733488 0.171777 0.741271 0.143353 0.749540 0.109987 0.754405 0.088978 0.747595 0.088978 0.748567 0.000000 0.250946 0.000000 0.250946 0.089596
