0 0.261113 0.091690 0.259660 0.105228 0.266442 0.124305 0.274677 0.141535 0.284851 0.145843 0.296477 0.155073 0.304228 0.165534 0.316824 0.182149 0.328450 0.191380 0.347343 0.193226 0.358485 0.193226 0.368659 0.197534 0.381254 0.201226 0.388036 0.198764 0.400147 0.192611 0.407898 0.188303 0.415649 0.186457 0.429214 0.179073 0.437449 0.170457 0.449076 0.164304 0.467000 0.159996 0.480564 0.150150 0.492675 0.145227 0.506240 0.140920 0.519319 0.140304 0.526102 0.153842 0.529008 0.164919 0.539181 0.181534 0.553230 0.185842 0.567279 0.184611 0.575999 0.181534 0.584719 0.172303 0.591017 0.162458 0.596830 0.148304 0.606034 0.131689 0.613785 0.127381 0.621052 0.137227 0.622505 0.151996 0.627834 0.174150 0.635585 0.188918 0.652056 0.200610 0.664167 0.200610 0.678216 0.195072 0.689358 0.185842 0.695656 0.173534 0.700500 0.161842 0.716002 0.148304 0.725691 0.141535 0.737802 0.126151 0.742646 0.113843 0.743615 0.099074 0.742646 0.092921 0.757664 0.091075 0.759117 0.108305 0.757664 0.122459 0.753304 0.135997 0.746037 0.148304 0.736833 0.161842 0.727629 0.166765 0.718424 0.171073 0.714549 0.177842 0.707767 0.195072 0.699531 0.205533 0.688873 0.215995 0.673371 0.220302 0.652056 0.220918 0.631225 0.208610 0.619114 0.195072 0.614754 0.177226 0.608941 0.155688 0.604096 0.174765 0.597799 0.192611 0.589079 0.201226 0.575514 0.207995 0.554684 0.207995 0.536759 0.204918 0.525133 0.195072 0.519804 0.182765 0.511568 0.169227 0.504302 0.174150 0.491222 0.182149 0.478627 0.187072 0.459733 0.188918 0.447622 0.190765 0.429698 0.201226 0.410321 0.207995 0.396756 0.213533 0.374472 0.217225 0.353157 0.217225 0.333295 0.217841 0.324090 0.208610 0.307619 0.198764 0.299384 0.187688 0.287273 0.175996 0.276131 0.167380 0.265957 0.158765 0.254331 0.147073 0.248033 0.137843 0.246095 0.125535 0.245611 0.116305 0.247549 0.100921 0.249002 0.092305
1 0.313433 0.004308 0.312948 0.017846 0.314401 0.034461 0.319730 0.051076 0.325544 0.067691 0.338623 0.094767 0.345406 0.111382 0.354125 0.136612 0.360423 0.146458 0.363814 0.154458 0.371081 0.156919 0.376410 0.153227 0.370596 0.145227 0.363330 0.132920 0.356063 0.105844 0.344921 0.076306 0.333779 0.046768 0.329419 0.031384 0.324575 0.014769 0.325059 0.004923
1 0.314886 0.099074 0.314886 0.121843 0.316824 0.144612 0.317793 0.161227 0.321668 0.173534 0.328450 0.183380 0.329903 0.169842 0.325544 0.145843 0.323606 0.123689 0.322152 0.104613
2 0.334263 0.095382 0.326512 0.100921 0.326997 0.121228 0.326997 0.145227 0.335232 0.171073 0.339592 0.183995 0.358485 0.187688 0.369143 0.181534 0.372534 0.169227 0.377863 0.155688 0.366236 0.156919 0.357032 0.141535 0.351219 0.131689 0.346374 0.115074
1 0.432120 0.007384 0.429698 0.027076 0.424854 0.051691 0.418556 0.072614 0.411774 0.085536 0.408383 0.106459 0.417587 0.118151 0.428245 0.116305 0.437449 0.108920 0.440840 0.093536 0.443262 0.068306 0.443262 0.049845 0.443747 0.024615 0.442294 0.006769
2 0.406445 0.101536 0.396756 0.109536 0.385614 0.127381 0.387067 0.153227 0.391427 0.167380 0.404023 0.177226 0.415649 0.177842 0.424369 0.177842 0.433574 0.170457 0.439387 0.151381 0.438902 0.134151 0.438902 0.108305 0.428729 0.113843 0.418072 0.118766
1 0.558075 0.006154 0.558559 0.019692 0.552261 0.043691 0.547901 0.063383 0.542088 0.087382 0.536759 0.107690 0.535306 0.119997 0.541604 0.121228 0.549355 0.105228 0.554199 0.076921 0.559528 0.059075 0.563888 0.052922 0.568248 0.063998 0.567763 0.077537 0.571155 0.092921 0.572608 0.106459 0.575030 0.121228 0.578421 0.123074 0.583266 0.116305 0.584719 0.091075 0.580843 0.068306 0.574061 0.042460 0.570186 0.024615 0.568732 0.014153 0.569217 0.005538
2 0.533853 0.119997 0.530462 0.136612 0.527070 0.148919 0.533368 0.163073 0.540150 0.169227 0.545964 0.159996 0.547901 0.150150 0.547901 0.132304 0.541119 0.123689
2 0.574061 0.121228 0.569701 0.129228 0.570186 0.149535 0.572123 0.165534 0.575999 0.174150 0.585688 0.170457 0.592470 0.163073 0.598768 0.150766 0.598283 0.142766 0.591501 0.140304 0.586172 0.132304 0.584719 0.120612
1 0.671434 0.004923 0.672402 0.020923 0.667558 0.043691 0.661745 0.071383 0.654963 0.083690 0.647696 0.113228 0.642852 0.131074 0.644305 0.140304 0.658354 0.132304 0.661260 0.110767 0.670465 0.094152 0.679185 0.087382 0.686451 0.070152 0.686936 0.043691 0.685967 0.021538 0.684513 0.006769
2 0.681607 0.092305 0.681122 0.117536 0.679185 0.131074 0.678700 0.147073 0.675309 0.163073 0.668527 0.182765 0.656900 0.192611 0.646727 0.193841 0.637523 0.184611 0.630256 0.170457 0.625896 0.157535 0.623474 0.148919 0.640429 0.138458 0.651087 0.138458 0.659323 0.130458 0.660776 0.113228 0.669011 0.097844
3 0.252393 0.000615 0.251909 0.089844 0.251424 0.108305 0.255784 0.139689 0.273708 0.151996 0.298899 0.179073 0.311010 0.196918 0.329419 0.206149 0.348797 0.210456 0.372050 0.210456 0.399663 0.208610 0.426791 0.198149 0.443262 0.188303 0.464093 0.182765 0.491706 0.177842 0.507208 0.164304 0.524164 0.181534 0.532884 0.193841 0.549355 0.201226 0.576483 0.201841 0.598283 0.179688 0.603128 0.161227 0.608456 0.150766 0.618145 0.167996 0.621536 0.184611 0.629772 0.201226 0.641398 0.209841 0.659807 0.212918 0.682576 0.212302 0.704375 0.187688 0.708735 0.174150 0.714064 0.162458 0.731020 0.152612 0.742646 0.142766 0.748944 0.121843 0.753304 0.091690 0.748944 0.088613 0.748459 0.000000
