0 0.216444 0.088302 0.222164 0.110098 0.227443 0.124069 0.234483 0.144189 0.248561 0.169338 0.256481 0.179398 0.272319 0.190575 0.291238 0.197841 0.300477 0.207900 0.314556 0.210136 0.327755 0.202870 0.337874 0.207341 0.345353 0.219078 0.356792 0.250374 0.362072 0.265464 0.366031 0.277200 0.373511 0.286701 0.385390 0.291731 0.399908 0.290613 0.406948 0.283348 0.412667 0.272170 0.418827 0.262670 0.426306 0.256522 0.435106 0.249816 0.438185 0.233608 0.445225 0.216283 0.453584 0.202311 0.462383 0.191693 0.476022 0.179957 0.477342 0.166544 0.482621 0.146983 0.487901 0.136365 0.494500 0.131894 0.506379 0.133011 0.514739 0.144189 0.514739 0.158720 0.525738 0.171015 0.537617 0.193928 0.543776 0.216283 0.553895 0.230255 0.568854 0.245903 0.576773 0.259875 0.586453 0.273288 0.601851 0.275524 0.620770 0.273288 0.627369 0.258199 0.633529 0.249257 0.646728 0.238638 0.651567 0.233049 0.656847 0.229137 0.665206 0.224666 0.673565 0.220754 0.688524 0.219078 0.704803 0.219078 0.708762 0.209577 0.724601 0.195605 0.748359 0.178839 0.761998 0.167103 0.764198 0.141394 0.764198 0.118481 0.762438 0.093332 0.777836 0.091655 0.781796 0.126864 0.781796 0.140836 0.777396 0.160396 0.772117 0.176603 0.765957 0.192252 0.754518 0.200076 0.745719 0.206782 0.734720 0.215166 0.726801 0.223549 0.718441 0.240315 0.711402 0.251492 0.703043 0.259875 0.691164 0.267141 0.674885 0.271612 0.659486 0.274965 0.641888 0.274406 0.635289 0.280554 0.625169 0.287260 0.612850 0.292290 0.600092 0.293966 0.586013 0.294525 0.571934 0.291172 0.559615 0.272729 0.542456 0.255404 0.526618 0.238638 0.516499 0.223549 0.510339 0.203429 0.503300 0.190016 0.484381 0.193928 0.481742 0.212930 0.477342 0.229137 0.466343 0.245903 0.457544 0.254845 0.444345 0.265464 0.432466 0.274965 0.425866 0.285583 0.418827 0.297879 0.405188 0.307938 0.389789 0.309615 0.369551 0.309615 0.357232 0.303467 0.348873 0.283907 0.343593 0.268817 0.323795 0.257640 0.307956 0.253728 0.298717 0.244227 0.281119 0.232491 0.273639 0.221313 0.251641 0.209577 0.234922 0.200635 0.224803 0.185545 0.218644 0.168220 0.211604 0.151454 0.204125 0.135806 0.199286 0.121834 0.195326 0.106186 0.193126 0.089978
1 0.316316 0.006148 0.314996 0.020119 0.309716 0.031297 0.301797 0.038003 0.293438 0.043033 0.280679 0.046945 0.269680 0.045827 0.267480 0.056446 0.266160 0.078242 0.266600 0.094449 0.269240 0.102273 0.274519 0.103950 0.278039 0.094449 0.276279 0.079360 0.273639 0.069859 0.281998 0.060358 0.291238 0.059799 0.296957 0.062035 0.298717 0.074889 0.298717 0.091096 0.298717 0.108421 0.300917 0.135806 0.303997 0.139718 0.305317 0.124628 0.304877 0.101156 0.304437 0.080477 0.304437 0.064829 0.307956 0.053093 0.313236 0.045269 0.320275 0.036327 0.324235 0.022355 0.324235 0.006148
2 0.264840 0.094449 0.263080 0.107303 0.256921 0.124069 0.256041 0.139159 0.258241 0.144189 0.269240 0.143071 0.276719 0.140836 0.282878 0.131894 0.284638 0.122393 0.281998 0.109539 0.279799 0.094449 0.275399 0.103391 0.268360 0.101715
1 0.429386 0.004471 0.429386 0.026267 0.426746 0.043033 0.424986 0.056446 0.422787 0.065947 0.417067 0.075448 0.409148 0.078801 0.400788 0.080477 0.391549 0.082154 0.384950 0.088861 0.380990 0.114569 0.379230 0.132453 0.379230 0.151454 0.379230 0.159837 0.378350 0.166544 0.388469 0.167103 0.393749 0.161514 0.395509 0.139159 0.394629 0.117922 0.392869 0.103391 0.399908 0.095008 0.408708 0.092773 0.415307 0.089419 0.425426 0.080477 0.432906 0.058123 0.435545 0.035209 0.440385 0.029061 0.446984 0.028502 0.461063 0.029061 0.468983 0.032415 0.472062 0.044151 0.472502 0.058123 0.472502 0.089978 0.473822 0.100038 0.479542 0.103391 0.485701 0.101156 0.482621 0.082154 0.480422 0.058682 0.481302 0.041915 0.478222 0.029620 0.473382 0.021796 0.462383 0.020678 0.447864 0.020678 0.440825 0.018443 0.439065 0.005589
2 0.378350 0.168779 0.376151 0.190016 0.375271 0.207900 0.372631 0.223549 0.369991 0.239756 0.368231 0.248139 0.374831 0.261552 0.389349 0.264346 0.403428 0.257081 0.408708 0.241432 0.406948 0.215724 0.406508 0.184986 0.405628 0.170456 0.401228 0.165426 0.394189 0.163190 0.388469 0.167661
2 0.473382 0.102273 0.473382 0.117363 0.475142 0.128540 0.481302 0.134688 0.488341 0.138600 0.497140 0.133011 0.500220 0.124628 0.494940 0.115686 0.489221 0.110098 0.487901 0.101715
1 0.561375 0.004471 0.561375 0.018443 0.564015 0.035209 0.572374 0.040798 0.584693 0.043592 0.601411 0.049181 0.605371 0.055887 0.603171 0.072094 0.601851 0.092773 0.599212 0.112892 0.596132 0.132453 0.599212 0.150895 0.611531 0.155366 0.615930 0.139718 0.617690 0.109539 0.618570 0.090537 0.618570 0.070977 0.614170 0.053093 0.610211 0.038562 0.600531 0.035209 0.589972 0.031856 0.579853 0.029620 0.572374 0.026267 0.570614 0.017325 0.571054 0.007824 0.571054 0.003912
1 0.581173 0.120716 0.574134 0.145865 0.572374 0.169338 0.571494 0.197841 0.577213 0.214048 0.582933 0.203429 0.582933 0.182192 0.582933 0.153690 0.582933 0.131894 0.588213 0.107862 0.586013 0.104509
2 0.597452 0.149219 0.586893 0.155925 0.585573 0.173809 0.584693 0.187222 0.584253 0.207341 0.576334 0.217960 0.577213 0.236962 0.585133 0.253169 0.597012 0.253169 0.612850 0.249257 0.617250 0.234167 0.615490 0.209018 0.614170 0.188899 0.614170 0.171015 0.613290 0.157043
1 0.685444 0.005030 0.685444 0.022355 0.691604 0.035209 0.703043 0.040239 0.718881 0.046945 0.721081 0.056446 0.720201 0.076565 0.717122 0.093890 0.714922 0.112892 0.710082 0.131894 0.709642 0.138600 0.719761 0.128540 0.723721 0.122952 0.729881 0.124628 0.733400 0.126864 0.735600 0.108421 0.732520 0.092773 0.731200 0.076007 0.730320 0.053652 0.729881 0.041356 0.718881 0.032973 0.707882 0.031297 0.698643 0.024031 0.695563 0.015090 0.695563 0.004471
2 0.707882 0.141953 0.703483 0.158161 0.701723 0.176045 0.709202 0.184986 0.719321 0.174927 0.727681 0.169338 0.738680 0.172691 0.749679 0.168220 0.754518 0.156484 0.757158 0.141953 0.747479 0.134129 0.733840 0.127982 0.729001 0.123511 0.723721 0.123511 0.720201 0.130776
3 0.202805 0.092214 0.211164 0.123511 0.223043 0.152572 0.241082 0.184428 0.260440 0.204547 0.285078 0.210695 0.297397 0.228020 0.314116 0.238079 0.326435 0.245345 0.340953 0.250933 0.350193 0.258199 0.354152 0.274406 0.360312 0.288378 0.369991 0.298437 0.389349 0.305144 0.403428 0.300673 0.415747 0.288937 0.425866 0.272729 0.445665 0.256522 0.466343 0.235285 0.474262 0.207900 0.485261 0.183869 0.492301 0.176045 0.505500 0.181633 0.520018 0.201194 0.530577 0.219637 0.547296 0.237520 0.556975 0.253169 0.565774 0.267699 0.575894 0.280554 0.590852 0.286701 0.608451 0.285024 0.621210 0.282230 0.629129 0.274406 0.637928 0.264346 0.649367 0.264346 0.678405 0.263787 0.699963 0.249816 0.711402 0.228578 0.724161 0.211812 0.739120 0.200635 0.756718 0.189457 0.765078 0.172132 0.773437 0.150895 0.775197 0.116804 0.771677 0.091096 0.750559 0.089978 0.749679 0.000000 0.251201 0.000559 0.250761 0.090537
