3 0.000440 0.208468 0.026324 0.206276 0.063424 0.221619 0.086720 0.233675 0.106564 0.244635 0.129860 0.244635 0.159195 0.264363 0.170411 0.287379 0.201472 0.358618 0.223905 0.393689 0.234258 0.428761 0.262731 0.467120 0.292066 0.486848 0.329166 0.503288 0.347285 0.518632 0.379208 0.518632 0.404229 0.519728 0.439604 0.519728 0.496549 0.512056 0.531924 0.501096 0.581103 0.486848 0.619066 0.480272 0.649264 0.470408 0.685502 0.467120 0.719151 0.459448 0.744172 0.444105 0.768330 0.410129 0.779547 0.378345 0.782998 0.363002 0.830452 0.297242 0.862375 0.273131 0.885671 0.221619 0.904652 0.192028 0.927948 0.187644 0.953832 0.176684 0.962460 0.155860 0.965048 0.138324 0.983167 0.117501 0.996454 0.090074 0.748486 0.087909 0.749349 0.000230 0.249789 0.000230 0.253240 0.083525 0.000000 0.092190
0 0.001303 0.164628 0.038403 0.172300 0.116055 0.188740 0.161783 0.208468 0.184216 0.234771 0.194570 0.272035 0.197158 0.306010 0.204923 0.335602 0.220453 0.348754 0.248926 0.369578 0.274810 0.378345 0.303282 0.390401 0.324852 0.404649 0.351599 0.425473 0.385248 0.445201 0.430976 0.484656 0.449958 0.492328 0.481881 0.492328 0.500863 0.487944 0.519844 0.480272 0.538826 0.471504 0.550042 0.464928 0.575063 0.450681 0.606124 0.459448 0.635459 0.460544 0.663069 0.451777 0.694992 0.450681 0.724327 0.439721 0.748486 0.417801 0.766605 0.379441 0.768330 0.344370 0.775233 0.315874 0.800254 0.278611 0.811470 0.242443 0.828726 0.217235 0.858061 0.175588 0.894299 0.155860 0.921908 0.145996 0.946929 0.132845 0.966774 0.114213 0.986618 0.090101 0.996454 0.091663 0.996454 0.136132 0.978853 0.172300 0.971088 0.198604 0.952106 0.212852 0.920183 0.218331 0.908103 0.230387 0.891710 0.261075 0.865826 0.304914 0.847708 0.319162 0.828726 0.337794 0.813196 0.357522 0.802842 0.382729 0.785586 0.426569 0.764016 0.449585 0.740721 0.469312 0.723465 0.485752 0.671697 0.495616 0.647538 0.496712 0.615615 0.503288 0.575063 0.515344 0.537963 0.524112 0.510354 0.531784 0.455135 0.544935 0.412857 0.547127 0.378345 0.543839 0.337794 0.541647 0.305008 0.529592 0.279124 0.512056 0.242886 0.482464 0.225630 0.455065 0.211826 0.425473 0.186804 0.371770 0.161783 0.322450 0.144527 0.279707 0.127271 0.270939 0.087583 0.257787 0.054796 0.247923 0.028050 0.243539 0.009068 0.242443 0.000000 0.232844
2 0.206649 0.311490 0.223905 0.342178 0.257554 0.341082 0.266182 0.314778 0.261005 0.286283 0.249789 0.272035 0.230807 0.276419 0.222179 0.285187
2 0.312773 0.334506 0.298105 0.335602 0.292929 0.353138 0.308459 0.364098 0.322264 0.378345 0.342108 0.371770 0.355913 0.345466 0.355913 0.327930 0.342971 0.322450 0.318812 0.324642
2 0.475842 0.457257 0.474116 0.479176 0.482744 0.496712 0.506902 0.498904 0.528472 0.487944 0.536238 0.468216 0.525884 0.446297 0.508628 0.436433 0.490509 0.434241
2 0.517256 0.387113 0.521570 0.416705 0.545728 0.424377 0.557807 0.414513 0.559533 0.394785 0.553493 0.378345 0.539689 0.372866 0.519844 0.368482
2 0.653578 0.396977 0.654441 0.425473 0.660480 0.452873 0.679462 0.456161 0.684639 0.434241 0.677736 0.410129 0.667383 0.394785
2 0.736407 0.345466 0.755388 0.332314 0.764016 0.318066 0.776958 0.319162 0.781272 0.355330 0.777821 0.387113 0.766605 0.415609 0.753663 0.421089 0.732955 0.396977 0.717425 0.371770 0.708797 0.371770 0.702758 0.382729 0.686364 0.367386 0.686364 0.357522 0.703620 0.350946
1 0.296487 0.005176 0.293551 0.029786 0.290029 0.053651 0.287680 0.076025 0.281222 0.088703 0.273003 0.093178 0.258912 0.089449 0.238364 0.086466 0.217228 0.091686 0.211944 0.102873 0.210183 0.123009 0.210770 0.150603 0.216641 0.199824 0.220751 0.243825 0.223686 0.270673 0.223686 0.279622 0.240125 0.272910 0.235428 0.229655 0.230144 0.193858 0.226034 0.164027 0.220163 0.127483 0.221925 0.106602 0.230144 0.099890 0.240712 0.099890 0.267719 0.100635 0.268893 0.105110 0.256564 0.127483 0.248931 0.142399 0.253041 0.159552 0.260674 0.175959 0.261848 0.155077 0.259499 0.140162 0.265957 0.127483 0.278287 0.111076 0.291203 0.099890 0.304706 0.074533 0.309403 0.041719 0.309403 0.019346 0.308229 0.005176
1 0.336997 0.084228 0.339932 0.117043 0.338171 0.150603 0.336410 0.175213 0.331126 0.208773 0.322906 0.249791 0.322319 0.284097 0.317622 0.322132 0.342281 0.316911 0.339345 0.249045 0.348739 0.243079 0.359894 0.276639 0.366352 0.313182 0.375746 0.308708 0.356958 0.246808 0.350500 0.234876 0.348739 0.211011 0.351087 0.172230 0.352849 0.148365 0.350500 0.119280 0.352849 0.106602 0.366352 0.102873 0.375746 0.093178 0.383965 0.078262 0.390423 0.054397 0.392772 0.040227 0.405688 0.029786 0.423888 0.029041 0.434456 0.025312 0.433282 0.018600 0.405688 0.022329 0.397468 0.023820 0.401578 0.004430 0.393359 0.005176 0.391010 0.022329 0.386901 0.039482 0.379268 0.064838 0.375159 0.082737 0.366939 0.090940 0.358133 0.095415 0.352849 0.091686 0.352849 0.081991
1 0.433869 0.005176 0.433869 0.019346 0.437391 0.035007 0.444437 0.055889 0.447372 0.075279 0.458527 0.087211 0.469682 0.099144 0.470856 0.112568 0.464985 0.132704 0.458527 0.150603 0.459114 0.168501 0.464398 0.181925 0.467921 0.207282 0.464985 0.244571 0.457353 0.262469 0.437391 0.286334 0.428585 0.313928 0.426824 0.348980 0.430933 0.376574 0.438566 0.398947 0.449133 0.412371 0.461463 0.435490 0.478489 0.451151 0.488469 0.435490 0.456179 0.395964 0.445024 0.369862 0.443262 0.342268 0.443262 0.316911 0.447959 0.296775 0.467334 0.276639 0.480837 0.295284 0.486121 0.329590 0.490818 0.355692 0.506082 0.378065 0.515476 0.389252 0.515476 0.369116 0.501973 0.348234 0.497863 0.292301 0.489644 0.269927 0.479076 0.248300 0.478489 0.226672 0.486121 0.209519 0.476727 0.181925 0.469682 0.167756 0.467334 0.157315 0.472030 0.143145 0.476727 0.134941 0.482598 0.111822 0.475553 0.091686 0.460875 0.073787 0.455592 0.048431 0.443850 0.024566 0.441501 0.005921
1 0.559509 0.005176 0.553051 0.014125 0.539547 0.016362 0.526631 0.021583 0.514889 0.034261 0.511953 0.056634 0.506082 0.071550 0.494927 0.078262 0.478489 0.088703 0.473205 0.125992 0.477901 0.147619 0.479076 0.163281 0.477901 0.176705 0.487295 0.210265 0.493166 0.195349 0.493166 0.169993 0.491992 0.143145 0.484360 0.125246 0.483185 0.114805 0.482598 0.099144 0.494927 0.090194 0.507844 0.083482 0.519586 0.068567 0.521934 0.052906 0.521934 0.039482 0.529566 0.034261 0.549528 0.029041 0.564793 0.024566 0.568315 0.002938
1 0.549528 0.176705 0.554812 0.210265 0.552463 0.253520 0.548354 0.285589 0.538960 0.319149 0.521934 0.351963 0.548941 0.368370 0.553051 0.330335 0.555986 0.288572 0.564206 0.240842 0.564793 0.202807 0.564793 0.178196
1 0.697478 0.005176 0.693368 0.043210 0.693368 0.093923 0.687497 0.134195 0.673994 0.154331 0.667536 0.196095 0.653445 0.263961 0.644639 0.325861 0.645226 0.379557 0.659316 0.389998 0.666948 0.385523 0.659316 0.355692 0.651684 0.324369 0.655794 0.296775 0.662252 0.288572 0.670471 0.310199 0.681039 0.331081 0.696891 0.348980 0.716265 0.360166 0.725072 0.369116 0.730943 0.349726 0.724485 0.335556 0.712155 0.301996 0.695129 0.267690 0.690433 0.237113 0.693955 0.202061 0.699826 0.164772 0.707459 0.142399 0.709807 0.125246 0.709807 0.052160 0.706284 0.005921
