0 0.316339 0.003692 0.315370 0.017230 0.312948 0.042460 0.306650 0.064614 0.306650 0.089229 0.306650 0.116920 0.310526 0.139689 0.315855 0.161842 0.318761 0.175380 0.327481 0.195687 0.333295 0.204303 0.333779 0.189534 0.325059 0.143996 0.320215 0.110151 0.319246 0.078152 0.323121 0.047999 0.326028 0.025846 0.324575 0.004308
1 0.317793 0.179073 0.317793 0.194457 0.318277 0.211072 0.320699 0.225225 0.332810 0.232610 0.342499 0.231379 0.348797 0.219072 0.348797 0.209226 0.340077 0.195072 0.333779 0.189534 0.334263 0.202457 0.327481 0.196303
0 0.435027 0.005538 0.435511 0.017846 0.440840 0.031999 0.450529 0.036307 0.468938 0.041845 0.474751 0.051691 0.473782 0.071998 0.469907 0.089229 0.463609 0.101536 0.460218 0.121228 0.456827 0.136612 0.453920 0.154458 0.453436 0.171688 0.455373 0.187072 0.460702 0.203072 0.467000 0.215995 0.469907 0.203072 0.467484 0.183380 0.465547 0.164304 0.465547 0.144612 0.467484 0.127381 0.470391 0.109536 0.475235 0.107690 0.478142 0.123689 0.479111 0.139689 0.482502 0.159996 0.489769 0.179073 0.496551 0.199380 0.503817 0.210456 0.508662 0.221533 0.518351 0.223379 0.520288 0.214764 0.507208 0.193841 0.498489 0.165534 0.495582 0.147689 0.491706 0.124305 0.489284 0.094152 0.487346 0.074460 0.484440 0.055999 0.482502 0.041230 0.478627 0.033845 0.471844 0.030153 0.462156 0.028307 0.450045 0.025846 0.444716 0.019692 0.443747 0.006154
1 0.502849 0.209841 0.503817 0.223994 0.508177 0.239994 0.518835 0.251071 0.529977 0.255378 0.534822 0.238763 0.529008 0.225225 0.521742 0.214149 0.516897 0.222764 0.508662 0.222148
0 0.561466 0.006769 0.558559 0.016000 0.548386 0.019076 0.530946 0.024615 0.520773 0.032615 0.516897 0.050460 0.515928 0.071383 0.512053 0.091690 0.509631 0.107074 0.506724 0.121843 0.499457 0.130458 0.495582 0.142766 0.504302 0.141535 0.513022 0.127381 0.518351 0.115074 0.522226 0.126151 0.520773 0.144612 0.521742 0.161842 0.527555 0.173534 0.531430 0.187072 0.535306 0.200610 0.537244 0.210456 0.540150 0.188303 0.534337 0.171073 0.532884 0.152612 0.533368 0.119997 0.531430 0.094152 0.528524 0.071383 0.528524 0.052922 0.529977 0.039999 0.541119 0.033230 0.551777 0.030768 0.562435 0.027076 0.569217 0.020923 0.570186 0.005538
1 0.527555 0.192611 0.525133 0.212302 0.529008 0.225841 0.535790 0.236302 0.542088 0.234456 0.545964 0.223379 0.549355 0.209226 0.549839 0.198764 0.532399 0.193841
1 0.462640 0.215379 0.461187 0.228917 0.468938 0.237533 0.482986 0.237533 0.481533 0.220302 0.473298 0.203687 0.468938 0.214149
0 0.689358 0.003692 0.689358 0.016615 0.691780 0.033230 0.698078 0.046768 0.711158 0.055383 0.718424 0.064614 0.720846 0.079383 0.721815 0.095382 0.713580 0.104613 0.701953 0.108305 0.697593 0.126151 0.697593 0.147689 0.697593 0.161227 0.696140 0.170457 0.692264 0.183995 0.692264 0.190765 0.701953 0.173534 0.709220 0.168611 0.716486 0.178457 0.726660 0.185226 0.735864 0.187072 0.737802 0.177226 0.719878 0.167380 0.711158 0.151381 0.708251 0.141535 0.711642 0.121843 0.719878 0.114459 0.725691 0.111382 0.729566 0.119382 0.731989 0.131689 0.735864 0.133535 0.735380 0.118151 0.735380 0.100305 0.731989 0.091690 0.731504 0.080613 0.730051 0.059075 0.723269 0.049845 0.715518 0.044307 0.708251 0.039999 0.702438 0.031384 0.699531 0.025846 0.699531 0.011077 0.698078 0.004923
1 0.727144 0.186457 0.738286 0.200610 0.747975 0.200610 0.757664 0.190149 0.754757 0.174765 0.742162 0.168611 0.737317 0.174765 0.733442 0.185842
1 0.688255 0.187180 0.682864 0.207725 0.684661 0.227508 0.697839 0.230551 0.708022 0.219138 0.706225 0.205442 0.700834 0.196311
