0 0.385005 0.167988 0.378073 0.186277 0.374340 0.205920 0.384472 0.218790 0.397270 0.219468 0.409001 0.210662 0.419666 0.200501 0.421266 0.184244 0.418600 0.170020
0 0.333280 0.192373 0.315683 0.203888 0.302352 0.212017 0.299685 0.224209 0.303418 0.240466 0.319949 0.250627 0.337546 0.254013 0.348211 0.253336 0.353010 0.235724 0.353543 0.215403 0.351410 0.199147
0 0.697488 0.197792 0.695355 0.222177 0.693222 0.237757 0.693222 0.249949 0.702821 0.254691 0.717752 0.256046 0.730017 0.247917 0.733749 0.234370 0.732150 0.213371 0.730017 0.197114
0 0.591905 0.218790 0.583907 0.233692 0.574841 0.244530 0.576441 0.267561 0.589772 0.281786 0.606303 0.279753 0.618568 0.271625 0.621767 0.251981 0.619634 0.230983 0.617501 0.219468 0.597238 0.218113
0 0.538580 0.254691 0.536981 0.266206 0.547112 0.279076 0.558844 0.280431 0.564176 0.266206 0.561510 0.254691 0.556178 0.251304
1 0.317816 0.006096 0.316216 0.023031 0.315150 0.046738 0.311950 0.067737 0.309817 0.094832 0.313017 0.121926 0.321549 0.132087 0.332747 0.140893 0.338079 0.153763 0.338079 0.176793 0.334347 0.188309 0.352477 0.195760 0.350877 0.167988 0.350344 0.136829 0.348211 0.110411 0.347144 0.071124 0.342345 0.137506 0.333813 0.130055 0.331147 0.115153 0.329014 0.094832 0.326881 0.080607 0.328481 0.065705 0.327414 0.039287 0.325281 0.023708 0.325281 0.006774
1 0.438330 0.006096 0.435664 0.013547 0.427665 0.019644 0.411134 0.026417 0.391937 0.027772 0.388205 0.034546 0.388738 0.053512 0.385538 0.083316 0.386605 0.115153 0.388205 0.123959 0.391937 0.103637 0.391937 0.088735 0.395670 0.086026 0.403135 0.093477 0.404735 0.100928 0.404735 0.109056 0.399403 0.123959 0.397270 0.132087 0.396203 0.147666 0.389804 0.159859 0.387671 0.163923 0.407401 0.163923 0.414334 0.150376 0.415400 0.131410 0.414867 0.115153 0.413267 0.094154 0.404202 0.081284 0.396737 0.073833 0.395670 0.044029 0.404735 0.038610 0.416467 0.037255 0.432997 0.028450 0.442596 0.021676 0.445262 0.012193 0.445795 0.004064
1 0.446862 0.014902 0.462859 0.024385 0.480990 0.031159 0.484722 0.048093 0.488455 0.069769 0.490055 0.083994 0.493788 0.100928 0.499653 0.111766 0.511385 0.122604 0.521517 0.129377 0.522583 0.147666 0.525249 0.160536 0.534315 0.176793 0.540180 0.181535 0.546579 0.195082 0.550312 0.205920 0.554578 0.228951 0.557777 0.251304 0.539114 0.251981 0.531115 0.241143 0.531648 0.223532 0.531648 0.203888 0.531115 0.192373 0.523650 0.180858 0.514051 0.172729 0.512985 0.158504 0.508719 0.134796 0.496454 0.125991 0.489522 0.125313 0.483123 0.114475 0.476724 0.086703 0.474057 0.069092 0.473524 0.041997 0.451128 0.030482 0.442063 0.023031
1 0.560444 0.007451 0.557777 0.012870 0.538580 0.017612 0.525249 0.018966 0.520450 0.024385 0.519917 0.042674 0.521517 0.058254 0.524716 0.074511 0.527916 0.096864 0.530049 0.117862 0.533248 0.134796 0.535381 0.150376 0.538047 0.169342 0.539647 0.176793 0.544446 0.167988 0.542846 0.148344 0.540713 0.128700 0.539647 0.102283 0.536981 0.084671 0.532182 0.071124 0.529515 0.054190 0.527916 0.037933 0.528982 0.031836 0.542846 0.025063 0.554045 0.024385 0.562577 0.020998 0.566843 0.018289 0.568976 0.004064
1 0.570575 0.010838 0.588173 0.016257 0.604703 0.018966 0.612169 0.032514 0.613235 0.053512 0.615901 0.074511 0.617501 0.098896 0.615368 0.115830 0.606303 0.123281 0.594572 0.130055 0.594038 0.138183 0.603637 0.163923 0.613235 0.184922 0.618568 0.199147 0.620167 0.212017 0.598304 0.213371 0.588706 0.210662 0.584440 0.201179 0.588706 0.182890 0.589239 0.164601 0.585506 0.153763 0.581240 0.130055 0.590306 0.120572 0.598838 0.115830 0.602570 0.104992 0.603104 0.088058 0.601504 0.075188 0.602037 0.053512 0.601504 0.035901 0.596705 0.029127 0.581774 0.025063 0.574308 0.020998 0.567909 0.019644
1 0.599904 0.079252 0.588706 0.077220 0.576441 0.079252 0.570042 0.086026 0.569509 0.102960 0.573775 0.116507 0.580174 0.128700 0.589772 0.120572 0.578574 0.104992 0.576974 0.092800 0.582307 0.089413 0.594038 0.088735 0.603637 0.088058
1 0.689490 0.005419 0.691089 0.018289 0.699621 0.025740 0.714552 0.028450 0.723084 0.031836 0.726284 0.044706 0.721485 0.060963 0.719885 0.086703 0.715619 0.103637 0.708687 0.125313 0.703887 0.144957 0.700688 0.165278 0.697488 0.196437 0.730017 0.195082 0.728417 0.164601 0.730017 0.130055 0.731616 0.086026 0.731616 0.065027 0.733216 0.047416 0.734816 0.029804 0.732683 0.018966 0.721485 0.015579 0.707620 0.014225 0.700688 0.012870 0.697488 0.005419
