1 0.317196 0.003912 0.315436 0.013972 0.313236 0.023473 0.305317 0.028502 0.293438 0.029061 0.281119 0.034091 0.271439 0.042474 0.267920 0.051975 0.267920 0.066506 0.267920 0.079919 0.267920 0.089419 0.264840 0.098361 0.256041 0.097244 0.256041 0.112333 0.266160 0.112333 0.274079 0.104509 0.277599 0.093890 0.278479 0.081036 0.277599 0.063152 0.282878 0.055328 0.292118 0.050298 0.305317 0.044151 0.319395 0.034650 0.325555 0.025708 0.327315 0.011177 0.327315 0.002235
0 0.254721 0.096126 0.243722 0.092773 0.234043 0.092773 0.230523 0.092773 0.232723 0.106744 0.235802 0.116804 0.240202 0.130776 0.245482 0.131894 0.250761 0.124069 0.254721 0.112892 0.256921 0.112333
1 0.429467 0.005561 0.429467 0.026570 0.426549 0.043871 0.419738 0.063644 0.417306 0.084035 0.410010 0.100718 0.402713 0.110604 0.393958 0.113694 0.389093 0.122962 0.386661 0.143971 0.382770 0.163744 0.383742 0.179192 0.392498 0.180427 0.401254 0.174248 0.404659 0.160654 0.399795 0.143971 0.398822 0.130995 0.409037 0.122345 0.420711 0.111222 0.427521 0.087742 0.435304 0.060554 0.437737 0.044489 0.440169 0.012976 0.439196 0.004325
0 0.407578 0.158801 0.422657 0.175484 0.439682 0.190314 0.447465 0.199582 0.448438 0.209469 0.439196 0.224298 0.427035 0.232331 0.413415 0.240364 0.399795 0.240982 0.382283 0.236039 0.380824 0.227388 0.384229 0.201436 0.383742 0.179192 0.393471 0.181663 0.401740 0.174866
1 0.558372 0.006179 0.559345 0.024098 0.565669 0.035220 0.577829 0.038928 0.589017 0.043871 0.593395 0.055611 0.594855 0.074148 0.589017 0.087124 0.587558 0.109369 0.583180 0.125434 0.579775 0.139646 0.571506 0.152004 0.561291 0.165598 0.549616 0.168687 0.540374 0.169923 0.540860 0.181045 0.553994 0.180427 0.571019 0.171159 0.579775 0.155711 0.585126 0.142735 0.594855 0.126052 0.599232 0.108133 0.602151 0.091449 0.606042 0.076620 0.608961 0.056229 0.606529 0.043871 0.595827 0.034603 0.583180 0.028423 0.576370 0.027188 0.572479 0.019155 0.571506 0.010504 0.570533 0.006179
0 0.538915 0.167451 0.529672 0.165598 0.521890 0.165598 0.516539 0.172395 0.517998 0.185371 0.521403 0.194639 0.527727 0.194639 0.533564 0.192167 0.540374 0.183517
1 0.672684 0.006797 0.672684 0.019155 0.680467 0.027806 0.691168 0.027806 0.709653 0.027806 0.720841 0.027806 0.724246 0.035220 0.722786 0.050668 0.721327 0.067969 0.719381 0.090832 0.714031 0.121727 0.715004 0.137792 0.717922 0.150150 0.725705 0.149532 0.729110 0.129759 0.733488 0.105661 0.730083 0.085270 0.730569 0.064262 0.730569 0.049432 0.730569 0.038310 0.730569 0.027806 0.731056 0.016683 0.717922 0.016065 0.706248 0.017301 0.684845 0.014212 0.682899 0.004325
1 0.672197 0.022862 0.668792 0.043253 0.664414 0.064880 0.659064 0.073530 0.648849 0.079091 0.640093 0.087124 0.637661 0.106279 0.635715 0.127288 0.633283 0.150768 0.630851 0.172395 0.635715 0.187224 0.637174 0.177956 0.641552 0.155093 0.643498 0.129141 0.644957 0.111222 0.646416 0.095157 0.654199 0.087742 0.661496 0.085270 0.672197 0.074766 0.675602 0.056847 0.677062 0.040164 0.679007 0.028423
0 0.715490 0.147061 0.713544 0.160654 0.715490 0.174248 0.721814 0.182281 0.727164 0.171777 0.729597 0.155093 0.726678 0.148296
0 0.630364 0.178574 0.630364 0.191550 0.630364 0.202672 0.634742 0.215648 0.640093 0.209469 0.641066 0.195875 0.639120 0.179809
