1 0.256983 0.165165 0.241222 0.170726 0.228089 0.172951 0.231153 0.191302 0.240347 0.206874 0.249103 0.212991 0.258296 0.215771 0.269679 0.207430 0.277121 0.194083 0.281937 0.166277
1 0.365117 0.258036 0.368181 0.278056 0.374310 0.293627 0.386569 0.294739 0.400140 0.285285 0.404956 0.266377 0.405831 0.248026 0.401453 0.243577 0.387882 0.243577 0.371684 0.243577
1 0.470186 0.213547 0.465371 0.230230 0.467998 0.244133 0.482445 0.247470 0.491200 0.237460 0.485509 0.218552 0.484634 0.212991
1 0.545049 0.270270 0.545486 0.281949 0.545486 0.296964 0.552929 0.304193 0.562560 0.305861 0.577445 0.296964 0.584450 0.286398 0.585325 0.277500 0.577883 0.269714 0.565625 0.271939 0.556869 0.268602
1 0.658874 0.175175 0.654496 0.188522 0.656685 0.204093 0.670694 0.208542 0.683828 0.202425 0.686017 0.188522 0.680326 0.176287
1 0.727607 0.180180 0.724980 0.206874 0.726294 0.222445 0.740303 0.227450 0.756939 0.223557 0.767446 0.209654 0.787584 0.175175 0.791962 0.162941 0.788898 0.152375 0.776640 0.155155 0.767446 0.165165 0.762630 0.174619 0.749059 0.176287
0 0.317398 0.002781 0.316522 0.012234 0.313458 0.019464 0.304702 0.020020 0.293319 0.018908 0.278872 0.021132 0.268803 0.024469 0.265301 0.035035 0.263550 0.060060 0.263987 0.079524 0.264863 0.096207 0.261361 0.125125 0.258734 0.145701 0.250854 0.166277 0.283250 0.165721 0.279310 0.127906 0.279748 0.096763 0.276683 0.061172 0.276246 0.042821 0.281499 0.037259 0.291568 0.035035 0.307329 0.034479 0.319149 0.031698 0.323965 0.024469 0.325278 0.009454 0.325278 0.001668
0 0.438228 0.006117 0.432537 0.013903 0.418089 0.013903 0.402767 0.015015 0.392698 0.022244 0.390509 0.035591 0.387882 0.047269 0.384817 0.058392 0.381315 0.080080 0.378688 0.098432 0.375624 0.119564 0.374748 0.155711 0.376937 0.183517 0.383066 0.162385 0.387882 0.135691 0.393135 0.125681 0.391384 0.150150 0.391384 0.170170 0.391822 0.191859 0.387882 0.209654 0.385255 0.224113 0.384817 0.235791 0.392260 0.227450 0.397513 0.205761 0.401016 0.186854 0.401016 0.167946 0.404956 0.149038 0.403642 0.134023 0.397951 0.120676 0.393135 0.106773 0.391384 0.087866 0.391384 0.071738 0.392260 0.057280 0.398827 0.053387 0.398389 0.028918 0.404956 0.023357 0.421154 0.021688 0.422467 0.030586 0.417214 0.041708 0.409334 0.045045 0.406707 0.052831 0.422467 0.048382 0.426845 0.040040 0.429910 0.028362 0.436477 0.024469 0.443044 0.018352 0.445232 0.005005
0 0.475878 0.068958 0.481569 0.078412 0.480693 0.092315 0.475878 0.108998 0.472813 0.210766 0.481131 0.210210 0.482007 0.120676 0.488136 0.098432 0.495141 0.090646 0.493389 0.080080 0.488574 0.070070
0 0.561685 0.002224 0.561685 0.009454 0.550740 0.015015 0.531039 0.018908 0.520970 0.019464 0.518343 0.038928 0.518781 0.089534 0.518781 0.119564 0.529726 0.137916 0.542422 0.142365 0.548989 0.147926 0.548551 0.164053 0.545486 0.182405 0.539795 0.205205 0.540671 0.223001 0.542860 0.249138 0.546362 0.267490 0.557307 0.265265 0.552491 0.238016 0.553367 0.213547 0.555993 0.181292 0.561247 0.158492 0.560371 0.143477 0.555993 0.133467 0.551178 0.062841 0.546362 0.063397 0.548551 0.133467 0.543297 0.135135 0.533228 0.126793 0.527975 0.121232 0.527975 0.100100 0.528413 0.070070 0.528850 0.042264 0.529288 0.030030 0.541108 0.027249 0.557745 0.025581 0.565187 0.020576 0.569127 0.010566 0.569565 0.001112
0 0.567814 0.021688 0.581385 0.025025 0.580072 0.039484 0.581385 0.061728 0.584012 0.080080 0.592330 0.085085 0.599772 0.090646 0.604150 0.105661 0.605901 0.124013 0.597146 0.141808 0.588390 0.173507 0.588828 0.195195 0.592768 0.208542 0.598021 0.181849 0.600210 0.154599 0.603712 0.141252 0.610717 0.126793 0.608528 0.101768 0.605901 0.090646 0.599772 0.083973 0.593205 0.076187 0.589265 0.056167 0.587952 0.032811 0.587076 0.020576 0.580510 0.016683 0.570440 0.012791
0 0.697837 0.006673 0.701340 0.016127 0.714036 0.025025 0.724543 0.030030 0.724980 0.044489 0.727169 0.105105 0.728483 0.136247 0.728920 0.169614 0.747745 0.170170 0.760004 0.164053 0.770510 0.154043 0.749059 0.143477 0.741179 0.120676 0.741179 0.078968 0.738990 0.042821 0.735925 0.024469 0.723667 0.016127 0.713598 0.015571 0.705280 0.005561
0 0.695648 0.013903 0.691270 0.016683 0.651432 0.016127 0.652307 0.079524 0.668943 0.081192 0.671132 0.087866 0.665003 0.101768 0.663252 0.127906 0.662814 0.157380 0.659750 0.172951 0.679888 0.176287 0.677261 0.152375 0.673321 0.124569 0.674634 0.110110 0.678575 0.102881 0.679888 0.087310 0.677261 0.073407 0.659750 0.073407 0.658436 0.024469 0.696524 0.023913 0.700464 0.017796
