1 0.257559 0.152408 0.247427 0.182212 0.240495 0.198469 0.238895 0.212017 0.256492 0.224887 0.267691 0.229628 0.274089 0.230305 0.286354 0.227596 0.290620 0.216758 0.294353 0.202533 0.291687 0.188986 0.277822 0.174761
1 0.397270 0.194405 0.393004 0.212017 0.388205 0.224209 0.400469 0.234370 0.412201 0.234370 0.421266 0.227596 0.415933 0.210662 0.412734 0.200501
1 0.446329 0.243176 0.444729 0.258078 0.450595 0.278399 0.462326 0.279076 0.473524 0.269593 0.477257 0.251304 0.471924 0.241143
1 0.533781 0.255368 0.532182 0.277721 0.530049 0.296688 0.532182 0.306848 0.544979 0.311590 0.559910 0.308880 0.559377 0.290591 0.556178 0.269593 0.556711 0.254691
1 0.649496 0.184244 0.653229 0.197114 0.666027 0.205243 0.677225 0.203888 0.683091 0.193050 0.682557 0.182890 0.679358 0.173406 0.659628 0.173406
1 0.718285 0.197792 0.714019 0.224209 0.714019 0.243853 0.719352 0.260787 0.740148 0.262142 0.747614 0.249949 0.751880 0.231660 0.748680 0.220145 0.741748 0.201179
1 0.621767 0.209984 0.628699 0.225564 0.632965 0.229628 0.643097 0.220822 0.647363 0.205243 0.644697 0.201179 0.634032 0.201856 0.625500 0.199147
0 0.309817 0.006096 0.308751 0.016257 0.303951 0.025740 0.294886 0.028450 0.282088 0.029127 0.268757 0.034546 0.262891 0.044029 0.262891 0.072478 0.260758 0.092800 0.259692 0.122604 0.257559 0.149021 0.292220 0.187631 0.292753 0.159182 0.289554 0.126668 0.282621 0.106347 0.275156 0.087381 0.275156 0.067737 0.276222 0.049448 0.283688 0.044706 0.293820 0.040642 0.306618 0.037933 0.315683 0.027772 0.317816 0.019644 0.317816 0.005419
0 0.437263 0.007451 0.439396 0.018289 0.454327 0.025740 0.468192 0.027095 0.471924 0.031836 0.470858 0.052835 0.470858 0.060286 0.456994 0.060963 0.456460 0.078575 0.459127 0.104992 0.456994 0.131410 0.452728 0.153085 0.452194 0.178825 0.452194 0.198469 0.449528 0.217435 0.449528 0.234370 0.472991 0.238434 0.475124 0.222177 0.472458 0.199824 0.462859 0.180858 0.459127 0.163923 0.461260 0.140215 0.464992 0.121926 0.463926 0.091445 0.462859 0.070446 0.472991 0.069769 0.480990 0.096186 0.479923 0.130732 0.480456 0.144957 0.490588 0.145634 0.493254 0.133442 0.492721 0.114475 0.491121 0.092122 0.484722 0.074511 0.482056 0.056899 0.481523 0.038610 0.479390 0.025063 0.469258 0.018289 0.458593 0.018289 0.450595 0.014902 0.447395 0.009483 0.446862 0.006096
1 0.477790 0.146989 0.472991 0.157827 0.474591 0.182212 0.477790 0.197792 0.486322 0.212017 0.496454 0.208630 0.498054 0.193050 0.498587 0.176793 0.494321 0.149021
0 0.561510 0.004742 0.558311 0.012193 0.550845 0.019644 0.546579 0.026417 0.544979 0.044706 0.546046 0.066382 0.548712 0.084671 0.549245 0.106347 0.550312 0.120572 0.546046 0.128700 0.538047 0.132764 0.527916 0.136151 0.523650 0.144957 0.526316 0.165955 0.529515 0.185599 0.531115 0.207275 0.530582 0.256046 0.558844 0.254013 0.559910 0.233692 0.556711 0.206598 0.548179 0.178148 0.539647 0.163923 0.537514 0.156472 0.535914 0.147666 0.544979 0.143602 0.556178 0.138861 0.562043 0.127345 0.565776 0.102960 0.559910 0.075188 0.556711 0.047416 0.555644 0.033191 0.563643 0.023708 0.568442 0.020321 0.568976 0.002032
0 0.568976 0.014902 0.607369 0.017612 0.612702 0.034546 0.612169 0.047416 0.618034 0.073833 0.623367 0.096186 0.623900 0.119217 0.621767 0.139538 0.621767 0.155795 0.625500 0.174084 0.629233 0.188986 0.619101 0.201856 0.612702 0.184922 0.607903 0.162569 0.606303 0.145634 0.607369 0.123281 0.610569 0.102283 0.610036 0.084671 0.606836 0.071801 0.604170 0.053512 0.604170 0.033191 0.602570 0.025740 0.568442 0.023031
0 0.702821 0.004064 0.702288 0.015579 0.709753 0.024385 0.724684 0.031836 0.728950 0.041320 0.728950 0.060963 0.724684 0.088058 0.724684 0.131410 0.717752 0.148344 0.717752 0.191695 0.742281 0.195760 0.747080 0.156472 0.740681 0.088058 0.740681 0.036578 0.733216 0.024385 0.724684 0.019644 0.716685 0.017612 0.713486 0.011515 0.712419 0.004742
0 0.706554 0.023031 0.659095 0.024385 0.659628 0.077220 0.678291 0.075188 0.682024 0.088735 0.678825 0.103637 0.675092 0.122604 0.677758 0.141570 0.680424 0.171374 0.653762 0.170020 0.657495 0.138183 0.657495 0.118540 0.664427 0.102960 0.674025 0.092800 0.673492 0.083994 0.653229 0.083316 0.653229 0.015579 0.701754 0.014225
0 0.435664 0.014902 0.395670 0.016934 0.391937 0.023031 0.391404 0.048093 0.391937 0.069769 0.395137 0.075865 0.404735 0.077897 0.402602 0.088735 0.397270 0.107024 0.390871 0.121249 0.388738 0.140215 0.390338 0.156472 0.395137 0.168665 0.398336 0.185599 0.397803 0.190341 0.413800 0.197114 0.415400 0.180858 0.410068 0.160536 0.402069 0.152408 0.398870 0.138183 0.403135 0.119217 0.407401 0.110411 0.411134 0.096186 0.410068 0.076543 0.405268 0.068414 0.398870 0.068414 0.398870 0.027095 0.436197 0.023031
