1 0.492788 0.003872 0.493990 0.026883 0.492788 0.048210 0.489181 0.065608 0.482570 0.076271 0.483772 0.319845 0.486777 0.343417 0.492187 0.370356 0.493990 0.391121 0.496995 0.409642 0.496995 0.437142 0.497596 0.463520 0.498197 0.475867 0.509617 0.477551 0.509016 0.446122 0.506010 0.426479 0.507212 0.413009 0.510819 0.390560 0.515627 0.357448 0.517430 0.336682 0.521036 0.318161 0.521036 0.288416 0.521036 0.237344 0.522238 0.159894 0.522839 0.100965 0.518632 0.078516 0.512021 0.044842 0.511420 0.004434
1 0.492908 0.400000 0.489007 0.408940 0.482624 0.412252 0.475532 0.411589 0.471986 0.407947 0.463475 0.402980 0.461348 0.406291 0.467730 0.411921 0.473050 0.418212 0.481206 0.420199 0.488298 0.417219 0.493972 0.411921 0.496099 0.410265
1 0.510638 0.405629 0.517730 0.408940 0.554610 0.408940 0.554965 0.412914 0.528723 0.414238 0.517730 0.414238 0.512766 0.413907 0.509574 0.412914
1 0.480851 0.324172 0.474468 0.337417 0.470567 0.341722 0.460993 0.344371 0.448227 0.344371 0.441135 0.344040 0.430496 0.343709 0.420922 0.349007 0.414894 0.353974 0.414539 0.361589 0.419858 0.361589 0.420567 0.356623 0.426596 0.351325 0.433688 0.350331 0.451773 0.350993 0.459220 0.350993 0.464894 0.350331 0.471986 0.345695 0.478369 0.339735 0.484043 0.330132
1 0.522695 0.324503 0.534043 0.339073 0.540426 0.344702 0.556028 0.345364 0.565603 0.345364 0.573759 0.345364 0.584397 0.352318 0.587234 0.357616 0.586879 0.361921 0.580851 0.360265 0.578723 0.354305 0.576241 0.352318 0.571631 0.350662 0.562411 0.350662 0.547872 0.350993 0.542908 0.350662 0.533688 0.346026 0.527305 0.338742 0.521277 0.331788 0.520213 0.327483
1 0.514539 0.381788 0.522695 0.391391 0.552482 0.392053 0.552482 0.398013 0.519149 0.397351 0.511348 0.388742
0 0.497518 0.475828 0.495745 0.484437 0.493972 0.490066 0.493972 0.496026 0.496099 0.504636 0.501773 0.508278 0.508511 0.508609 0.511702 0.503642 0.512411 0.495695 0.512766 0.488079 0.510638 0.477815
0 0.555674 0.407285 0.560284 0.406623 0.567376 0.407947 0.572340 0.409934 0.571277 0.413245 0.564539 0.415563 0.559220 0.415563 0.555319 0.413245
0 0.461348 0.400662 0.455674 0.399007 0.444326 0.398344 0.424468 0.398344 0.422340 0.404967 0.441135 0.410927 0.450000 0.410265 0.460284 0.406954
0 0.412766 0.361589 0.409220 0.367550 0.409220 0.375166 0.414539 0.377152 0.420567 0.375497 0.422695 0.370530 0.423050 0.363907 0.420922 0.361921
0 0.580142 0.360927 0.578369 0.367881 0.580142 0.376159 0.586170 0.376490 0.591489 0.371854 0.596099 0.367219 0.598936 0.361258 0.597163 0.357285 0.593972 0.354305 0.588652 0.355960 0.587943 0.363576
0 0.553546 0.392053 0.557092 0.389735 0.562766 0.394702 0.561702 0.397351 0.558865 0.399338 0.553546 0.398344
