1 0.492301 0.004587 0.491755 0.043363 0.488477 0.093873 0.482466 0.116833 0.479734 0.168364 0.481373 0.223977 0.481373 0.245406 0.491209 0.283161 0.495580 0.301018 0.495580 0.313774 0.493394 0.326529 0.487384 0.338264 0.486291 0.348978 0.486291 0.370917 0.484652 0.391325 0.478095 0.400509 0.469353 0.410203 0.463889 0.426020 0.460610 0.438265 0.456028 0.448013 0.453191 0.455629 0.452837 0.465232 0.456383 0.472848 0.465248 0.475497 0.466667 0.468874 0.461702 0.464901 0.459574 0.459272 0.462766 0.451656 0.465957 0.444702 0.465603 0.437748 0.467167 0.430101 0.468806 0.420918 0.473724 0.410203 0.480827 0.404081 0.486837 0.399489 0.491209 0.390815 0.493394 0.371937 0.494487 0.362243 0.496126 0.352039 0.500497 0.358672 0.508147 0.369386 0.517982 0.376529 0.537106 0.383162 0.562786 0.383162 0.581910 0.381631 0.591745 0.380611 0.601034 0.381121 0.607044 0.382142 0.611415 0.386734 0.611415 0.396428 0.621797 0.397448 0.621797 0.387244 0.616333 0.383162 0.613054 0.378060 0.622890 0.377040 0.631085 0.377040 0.636549 0.382652 0.636549 0.390305 0.646385 0.389285 0.645292 0.380101 0.641467 0.374489 0.631085 0.369897 0.616879 0.369386 0.603766 0.368366 0.596116 0.368876 0.580142 0.370861 0.562411 0.373179 0.555319 0.372517 0.538652 0.372517 0.524468 0.370199 0.515603 0.357947 0.513121 0.342715 0.511702 0.322517 0.516667 0.307285 0.523759 0.300331 0.531206 0.291060 0.530496 0.275828 0.521631 0.260265 0.512766 0.239735 0.506738 0.206623 0.507092 0.145695 0.508865 0.112914 0.509220 0.097682 0.513121 0.082450 0.512766 0.060596 0.510638 0.004305
1 0.521986 0.108609 0.519858 0.149007 0.519504 0.179801 0.518440 0.222185 0.518085 0.250331 0.528369 0.272185 0.527305 0.255298 0.526950 0.170861 0.525177 0.113576
1 0.532979 0.290397 0.535461 0.297020 0.535106 0.317550 0.535461 0.329801 0.537589 0.338411 0.544326 0.346026 0.550709 0.352649 0.552837 0.363907 0.555674 0.372185 0.547518 0.372185 0.544681 0.360927 0.541844 0.355960 0.536525 0.350000 0.532979 0.345033 0.529787 0.335430 0.528723 0.321854 0.529433 0.309272 0.529433 0.300000 0.529433 0.295033
1 0.563830 0.386424 0.580142 0.389404 0.592908 0.392053 0.598227 0.394702 0.597872 0.402318 0.597872 0.409934 0.603191 0.409272 0.604255 0.396689 0.604255 0.392384 0.597163 0.389073 0.586525 0.385762 0.578014 0.384106 0.573759 0.382781 0.562766 0.383113
1 0.505674 0.368874 0.503191 0.379139 0.502837 0.396689 0.502482 0.402649 0.499645 0.407285 0.499645 0.423841 0.498582 0.436755 0.487589 0.436424 0.482624 0.438742 0.482979 0.449007 0.490071 0.450000 0.489362 0.444371 0.502482 0.443709 0.504255 0.439073 0.504255 0.409272 0.507447 0.403974 0.508865 0.391060 0.508511 0.377815 0.510638 0.372517
1 0.482270 0.261921 0.480142 0.284768 0.479433 0.299007 0.477305 0.310596 0.474468 0.317550 0.469858 0.319205 0.468794 0.295033 0.465603 0.287417 0.463830 0.330464 0.460993 0.345364 0.460993 0.354636 0.457447 0.365232 0.453191 0.368212 0.437943 0.369868 0.424113 0.368874 0.415603 0.366556 0.407092 0.366225 0.406383 0.370861 0.413475 0.373179 0.418794 0.375166 0.454965 0.373841 0.460638 0.371523 0.461348 0.378146 0.459574 0.384106 0.441844 0.386424 0.416312 0.386093 0.407801 0.386093 0.407801 0.390728 0.433688 0.391391 0.454965 0.390397 0.464539 0.389073 0.469149 0.384437 0.469504 0.372848 0.467376 0.362583 0.467021 0.354305 0.467376 0.348013 0.468794 0.338079 0.470213 0.330132 0.473759 0.323841 0.478014 0.321854 0.482270 0.312914 0.484043 0.293709 0.485461 0.279139 0.487943 0.275828 0.485816 0.260265
0 0.636170 0.390728 0.632624 0.397351 0.631915 0.404305 0.631560 0.415232 0.638298 0.416887 0.645390 0.415894 0.650709 0.408278 0.651773 0.400662 0.651064 0.395033 0.648227 0.390397
0 0.610993 0.397351 0.607447 0.404636 0.604610 0.410596 0.597872 0.410927 0.594681 0.417219 0.595035 0.430132 0.597518 0.433444 0.604255 0.429470 0.614184 0.420199 0.620922 0.413907 0.624823 0.408940 0.624468 0.397351 0.621631 0.397351
0 0.406383 0.385430 0.398227 0.385430 0.387943 0.384437 0.382624 0.389073 0.386879 0.395033 0.398227 0.395033 0.407447 0.394040 0.407447 0.391391
0 0.404610 0.364901 0.388652 0.364570 0.373404 0.370199 0.376241 0.374172 0.386525 0.373510 0.399645 0.371854 0.405674 0.371523
0 0.482270 0.449007 0.478014 0.456291 0.477660 0.463907 0.486879 0.472848 0.491844 0.468212 0.492908 0.458940 0.491489 0.450000
0 0.468440 0.468212 0.472695 0.468874 0.478723 0.472185 0.479787 0.475828 0.476596 0.479139 0.470922 0.479470 0.466667 0.477815 0.466312 0.475166
