1 0.292998 0.003912 0.291678 0.022914 0.287718 0.051975 0.280679 0.089419 0.275399 0.115128 0.267920 0.126305 0.255601 0.134688 0.245042 0.139718 0.238002 0.178280 0.233163 0.225225 0.236682 0.247580 0.243282 0.265464 0.247681 0.288937 0.252961 0.317998 0.258241 0.329734 0.262200 0.317439 0.253841 0.265464 0.250761 0.251492 0.245042 0.233608 0.245042 0.217401 0.245042 0.192811 0.250321 0.206224 0.254281 0.230814 0.259120 0.249257 0.263960 0.273847 0.271439 0.298437 0.275839 0.292849 0.272319 0.261552 0.264840 0.234726 0.256921 0.204547 0.252961 0.189457 0.249001 0.171574 0.249441 0.154807 0.253841 0.148660 0.270119 0.142512 0.281998 0.126305 0.288598 0.116245 0.296517 0.097244 0.300037 0.089978 0.302237 0.100038 0.307076 0.117363 0.314556 0.122952 0.326875 0.123511 0.337434 0.123511 0.340953 0.128540 0.339634 0.140836 0.337434 0.162073 0.333914 0.176603 0.325555 0.206782 0.321155 0.230814 0.319395 0.248698 0.322475 0.273847 0.333474 0.298437 0.343153 0.319116 0.350633 0.333646 0.357232 0.330293 0.351073 0.310733 0.346233 0.287819 0.346673 0.264346 0.347993 0.240874 0.346233 0.226343 0.347993 0.204547 0.347113 0.184986 0.346673 0.173809 0.349313 0.153690 0.348433 0.129658 0.347993 0.116804 0.340514 0.114010 0.327315 0.113451 0.317635 0.111215 0.311476 0.104509 0.310156 0.093332 0.309276 0.059240 0.306196 0.035209 0.303997 0.005030
0 0.257801 0.329734 0.255161 0.342588 0.262640 0.356560 0.271879 0.349854 0.272759 0.333087 0.265720 0.317998
0 0.271439 0.297320 0.270999 0.308497 0.276719 0.322469 0.285958 0.326381 0.291678 0.313527 0.295197 0.303467 0.289038 0.297320 0.278479 0.292849
0 0.343593 0.320233 0.348873 0.334205 0.351953 0.350412 0.363832 0.369973 0.373071 0.376121 0.381430 0.375003 0.384510 0.361590 0.383190 0.348177 0.379670 0.339794 0.368231 0.330852 0.359872 0.330293 0.353272 0.319675
0 0.502860 0.245903 0.498020 0.270494 0.494940 0.295084 0.498020 0.319675 0.512979 0.320233 0.532337 0.316880 0.542896 0.304026 0.544656 0.285583 0.540257 0.257640 0.535417 0.241432 0.517379 0.242550
0 0.381870 0.259316 0.375711 0.276641 0.372631 0.292849 0.378350 0.308497 0.384510 0.325822 0.390669 0.338676 0.403428 0.348736 0.413987 0.350412 0.429826 0.347618 0.439505 0.341471 0.444345 0.327499 0.439505 0.306262 0.427186 0.291731 0.420147 0.275524 0.414867 0.262670 0.404308 0.259875
0 0.589532 0.394563 0.590852 0.407417 0.577653 0.420830 0.586453 0.439832 0.596132 0.432567 0.611971 0.421389 0.630009 0.415242 0.642328 0.405182 0.639688 0.382827 0.633089 0.345941 0.610211 0.340353 0.603171 0.362149 0.595692 0.375003 0.592612 0.384504
0 0.730320 0.257081 0.719321 0.271612 0.719321 0.286142 0.727241 0.298996 0.731200 0.312409 0.742199 0.313527 0.749239 0.307379 0.751879 0.291172 0.751439 0.274965 0.748799 0.265464
0 0.657287 0.305144 0.663006 0.327499 0.667846 0.344265 0.681485 0.355442 0.690724 0.353766 0.700403 0.337558 0.703483 0.318557 0.696883 0.306262 0.686764 0.301232 0.674885 0.304026
1 0.434666 0.007265 0.434666 0.023473 0.431146 0.048622 0.428506 0.064829 0.425866 0.073771 0.420147 0.077124 0.410908 0.078801 0.400788 0.079919 0.390669 0.080477 0.377030 0.084390 0.368231 0.095008 0.364711 0.106186 0.362072 0.120157 0.364272 0.141394 0.367351 0.155925 0.373071 0.168220 0.382750 0.181633 0.386710 0.196164 0.386710 0.211253 0.384070 0.229137 0.379670 0.256522 0.416627 0.259875 0.410908 0.227461 0.408708 0.196723 0.401668 0.171015 0.395509 0.157043 0.382310 0.143630 0.378790 0.134129 0.375711 0.121834 0.375711 0.112333 0.380990 0.104509 0.390669 0.101156 0.402988 0.098361 0.415747 0.092773 0.430266 0.083272 0.436865 0.069859 0.442145 0.056446 0.446545 0.040798 0.447424 0.029620 0.447424 0.007824
1 0.448744 0.040798 0.466783 0.043033 0.477782 0.043033 0.485701 0.047504 0.486141 0.061476 0.487461 0.086066 0.489221 0.118481 0.496700 0.133570 0.506379 0.143071 0.515619 0.158720 0.519138 0.186104 0.523098 0.204547 0.527058 0.222431 0.534097 0.237520 0.504180 0.244786 0.500660 0.216283 0.503300 0.196723 0.504620 0.167103 0.500660 0.159278 0.492301 0.153131 0.484381 0.143630 0.478222 0.126305 0.474702 0.100038 0.475142 0.081036 0.476022 0.055887 0.469863 0.053093 0.446105 0.051975
1 0.558735 0.005030 0.557855 0.012854 0.551696 0.014531 0.542896 0.014531 0.530577 0.015648 0.525298 0.019561 0.522658 0.029620 0.523538 0.045827 0.527498 0.054211 0.534977 0.059240 0.535857 0.070977 0.538057 0.100597 0.538937 0.116804 0.546856 0.146424 0.552136 0.154807 0.552136 0.171574 0.550816 0.186104 0.542896 0.200635 0.540697 0.215166 0.545536 0.236962 0.551256 0.259316 0.554335 0.286142 0.558295 0.317998 0.560055 0.337558 0.562695 0.359354 0.566214 0.375562 0.570174 0.397917 0.575014 0.407417 0.578533 0.409653 0.583813 0.406858 0.585133 0.392328 0.573694 0.363825 0.568414 0.338117 0.570614 0.314086 0.567974 0.277200 0.563575 0.249816 0.561375 0.230255 0.560495 0.212930 0.563135 0.197282 0.566654 0.178839 0.567974 0.158720 0.565334 0.144189 0.566214 0.129099 0.571934 0.119599 0.577653 0.110098 0.579413 0.101715 0.573254 0.100038 0.566654 0.113451 0.563575 0.117922 0.557415 0.128540 0.556095 0.144189 0.552136 0.134129 0.549936 0.118481 0.546416 0.088302 0.546416 0.071536 0.544656 0.058123 0.542456 0.054769 0.532777 0.047504 0.531457 0.042474 0.531457 0.032415 0.531897 0.027385 0.548616 0.025708 0.561375 0.022355 0.580733 0.034091 0.593052 0.037444 0.599652 0.042474 0.601411 0.059799 0.603611 0.084948 0.602291 0.120157 0.600971 0.146983 0.603611 0.197841 0.605371 0.249816 0.606251 0.290613 0.606691 0.334764 0.611531 0.341471 0.628689 0.342029 0.630449 0.300673 0.630449 0.268258 0.630889 0.229137 0.628249 0.190016 0.623849 0.151454 0.619010 0.121834 0.618130 0.093890 0.616810 0.071536 0.611531 0.043592 0.606251 0.031856 0.597892 0.026267 0.586013 0.022914 0.578093 0.020119 0.571054 0.017325 0.569294 0.010619 0.569734 0.004471
1 0.585133 0.241991 0.581173 0.262670 0.579853 0.279436 0.579853 0.299555 0.580733 0.318557 0.582933 0.339794 0.589532 0.358237 0.595692 0.369414 0.603611 0.356001 0.593052 0.337558 0.588652 0.317439 0.586453 0.297320 0.586453 0.273288 0.589972 0.248139 0.589092 0.231373
1 0.695891 0.005436 0.694424 0.032153 0.691000 0.065082 0.691000 0.093041 0.692957 0.114787 0.693446 0.150823 0.691489 0.172569 0.689044 0.195558 0.679261 0.221031 0.674370 0.226002 0.671436 0.238428 0.680729 0.226623 0.692468 0.212954 0.699315 0.186238 0.707630 0.141504 0.709587 0.097390 0.717413 0.107953 0.733553 0.111681 0.739423 0.118515 0.738445 0.172569 0.739912 0.209848 0.733064 0.255825 0.750183 0.266387 0.753607 0.222274 0.754585 0.155794 0.752629 0.122243 0.748227 0.106710 0.739912 0.098012 0.732086 0.096769 0.721326 0.089935 0.715945 0.081236 0.712521 0.043336 0.708608 0.005436
1 0.660186 0.055763 0.656273 0.120379 0.658719 0.161386 0.662631 0.206120 0.662142 0.235943 0.662631 0.260174 0.656273 0.300559 0.689044 0.299317 0.680240 0.264523 0.674370 0.237807 0.676816 0.214818 0.675838 0.191830 0.668501 0.154551 0.666544 0.118515 0.665566 0.071295
