1 0.310284 0.006306 0.308511 0.014865 0.302128 0.025676 0.294326 0.043694 0.287589 0.060360 0.281560 0.073874 0.278369 0.086937 0.282624 0.090090 0.287589 0.080631 0.294681 0.068468 0.301064 0.049550 0.308156 0.035586 0.313830 0.027027 0.320213 0.036937 0.324468 0.049550 0.328369 0.061712 0.334043 0.067568 0.338652 0.071622 0.334397 0.052252 0.326596 0.031532 0.321631 0.019820 0.320213 0.013063 0.320213 0.006306
0 0.277305 0.086036 0.272340 0.086937 0.269504 0.094595 0.265603 0.101802 0.268440 0.112613 0.273404 0.116216 0.278723 0.114865 0.283333 0.109009 0.287234 0.099550 0.287234 0.092342
0 0.328014 0.063063 0.326596 0.076577 0.328014 0.088739 0.332979 0.102252 0.338652 0.105856 0.343972 0.101802 0.345745 0.090541 0.344681 0.078829 0.340071 0.071171
1 0.430496 0.005856 0.429078 0.018468 0.424823 0.030180 0.420922 0.041892 0.418085 0.053604 0.420567 0.058108 0.423404 0.047297 0.427660 0.036486 0.432624 0.027027 0.438298 0.026577 0.442553 0.038739 0.446099 0.047297 0.442553 0.056757 0.440426 0.068018 0.438652 0.081532 0.442908 0.076577 0.445390 0.063063 0.449291 0.057658 0.457447 0.063063 0.461702 0.068018 0.465248 0.079279 0.471277 0.087387 0.475887 0.085586 0.472340 0.072973 0.465248 0.055856 0.456028 0.038739 0.447872 0.025225 0.443262 0.016667 0.441135 0.006306
0 0.464894 0.081081 0.465248 0.094144 0.470567 0.110360 0.477660 0.115315 0.485816 0.109459 0.489362 0.102252 0.489716 0.093694 0.482979 0.088288 0.476950 0.083333 0.474468 0.076126
0 0.435461 0.082432 0.429433 0.091441 0.427660 0.081081 0.424823 0.063514 0.420567 0.059009 0.415248 0.063063 0.413830 0.080631 0.415603 0.090541 0.421277 0.099099 0.428369 0.102703 0.435106 0.101802 0.440071 0.095045 0.444681 0.085135
1 0.561702 0.004955 0.559929 0.014865 0.556028 0.023874 0.551418 0.036486 0.547163 0.050901 0.541135 0.064865 0.539716 0.077027 0.547872 0.065315 0.554610 0.057658 0.559574 0.049099 0.560284 0.035586 0.565248 0.027928 0.571277 0.030180 0.578723 0.043694 0.584397 0.057658 0.592199 0.072973 0.597518 0.084685 0.602837 0.087838 0.606383 0.081532 0.598936 0.062613 0.591135 0.045946 0.585106 0.033333 0.576950 0.019369 0.574468 0.014865 0.573759 0.004955
1 0.678723 0.005856 0.676950 0.018919 0.670213 0.031982 0.660284 0.054505 0.654610 0.069369 0.653191 0.081081 0.663121 0.066216 0.668440 0.053604 0.674823 0.040541 0.681560 0.028378 0.686170 0.027477 0.691844 0.043694 0.698227 0.056757 0.703901 0.066667 0.708156 0.077928 0.706738 0.088739 0.713121 0.095495 0.715957 0.076126 0.710993 0.054955 0.702837 0.037838 0.692199 0.021622 0.689007 0.015315 0.690071 0.005856
0 0.704255 0.090090 0.700709 0.104505 0.701773 0.117117 0.709574 0.129730 0.717730 0.126126 0.720922 0.118468 0.719858 0.108108 0.714539 0.097748
0 0.652128 0.076126 0.646809 0.088288 0.646099 0.095946 0.651418 0.097297 0.658511 0.095946 0.659929 0.086036 0.656738 0.077928
0 0.595035 0.084685 0.595035 0.095495 0.598936 0.107658 0.609574 0.113964 0.617730 0.110811 0.618440 0.098649 0.616312 0.089640 0.612057 0.083333 0.608156 0.081532 0.603546 0.084685
