0 0.558734 0.507819 0.569164 0.499471 0.577110 0.494370 0.583070 0.492515 0.590023 0.490196 0.598466 0.490196 0.606413 0.499935 0.609393 0.506891 0.612869 0.515239 0.612869 0.520804 0.603930 0.522196 0.593003 0.522196 0.579097 0.520341 0.571150 0.519413 0.562707 0.518949
0 0.448477 0.518022 0.442021 0.517558 0.434571 0.518486 0.433081 0.523587 0.437551 0.525906 0.445497 0.525906
0 0.441027 0.478138 0.427618 0.477211 0.420168 0.476747 0.414208 0.480457 0.415202 0.485558 0.428611 0.489732 0.436061 0.489732 0.441027 0.488341
0 0.417188 0.422023 0.409242 0.422487 0.407255 0.426661 0.408248 0.431298 0.416195 0.434545 0.421658 0.434081 0.422651 0.428516
1 0.493673 0.002783 0.492183 0.035710 0.491686 0.056579 0.488209 0.075129 0.484733 0.089970 0.480263 0.116868 0.477780 0.136346 0.474303 0.156288 0.470330 0.177157 0.466357 0.190142 0.465363 0.275474 0.466853 0.296807 0.467847 0.312112 0.468343 0.331590 0.468840 0.346430 0.463873 0.366372 0.463377 0.383067 0.459900 0.390951 0.457914 0.399763 0.449291 0.402649 0.424468 0.402649 0.418440 0.403311 0.417730 0.419536 0.420213 0.422517 0.422340 0.408940 0.435461 0.408278 0.450709 0.408278 0.456738 0.405629 0.463475 0.404636 0.466667 0.398013 0.468085 0.391391 0.470567 0.386424 0.471986 0.369536 0.475887 0.355298 0.478723 0.340397 0.478014 0.307285 0.475532 0.283775 0.474823 0.271854 0.478723 0.257947 0.478014 0.203974 0.479433 0.182450 0.482979 0.169205 0.484752 0.150993 0.487943 0.124503 0.489362 0.102318 0.491135 0.089073 0.495745 0.072517 0.500709 0.059934 0.507092 0.039073 0.506383 0.002649
1 0.480142 0.261258 0.487943 0.265232 0.498227 0.263245 0.506383 0.266225 0.511702 0.270530 0.514894 0.277815 0.514894 0.285099 0.513121 0.290397 0.507801 0.296689 0.507801 0.304967 0.507801 0.322517 0.507801 0.335099 0.510284 0.341060 0.510284 0.350993 0.510284 0.356954 0.513121 0.362914 0.514184 0.381457 0.528014 0.412583 0.526950 0.433444 0.526241 0.450662 0.524823 0.465894 0.524823 0.478477 0.524823 0.487417 0.524468 0.497020 0.524823 0.510927 0.528723 0.515563 0.536879 0.516225 0.544681 0.513576 0.552837 0.508940 0.557801 0.507616 0.562411 0.518874 0.553546 0.521523 0.545390 0.527152 0.536879 0.527152 0.528014 0.526821 0.520922 0.524172 0.511702 0.518543 0.507447 0.507285 0.507801 0.490066 0.508156 0.471854 0.509574 0.461258 0.511348 0.447020 0.511348 0.435430 0.507801 0.425497 0.504965 0.404305 0.503191 0.384106 0.503901 0.367219 0.502837 0.361258 0.498936 0.358940 0.496809 0.355298 0.495745 0.324834 0.495390 0.309272 0.496809 0.300662 0.499291 0.292384 0.502837 0.284106 0.502837 0.277483 0.500355 0.273841 0.496099 0.272185 0.490780 0.272185 0.484752 0.272517 0.479787 0.272517 0.475887 0.270861
1 0.508511 0.039735 0.510638 0.058940 0.513475 0.064570 0.523759 0.074172 0.529433 0.086755 0.533688 0.102318 0.534397 0.115894 0.534752 0.156291 0.534043 0.193709 0.531560 0.211589 0.529433 0.220861 0.530142 0.234106 0.531560 0.239735 0.532979 0.267219 0.534752 0.290066 0.534397 0.327152 0.533333 0.372185 0.532270 0.400000 0.530142 0.412914 0.514894 0.380795 0.516667 0.353974 0.517021 0.305629 0.517021 0.289404 0.517021 0.265563 0.519149 0.234106 0.520213 0.220199 0.519504 0.192384 0.520922 0.163907 0.521277 0.149669 0.523404 0.110927 0.523404 0.099338 0.522340 0.087417 0.518440 0.081788 0.513475 0.073841 0.506028 0.068874 0.502837 0.062914 0.502482 0.058609
1 0.443262 0.478477 0.461348 0.478146 0.474113 0.478146 0.479433 0.466556 0.480142 0.447682 0.481560 0.431126 0.485106 0.427152 0.485461 0.434768 0.485106 0.451656 0.484397 0.465894 0.484043 0.473841 0.483333 0.479801 0.480496 0.483775 0.470213 0.483775 0.453901 0.484106 0.444326 0.484768
1 0.448936 0.524834 0.471986 0.523179 0.481206 0.526159 0.496809 0.526821 0.501064 0.526159 0.504965 0.522517 0.506738 0.515894 0.503546 0.515563 0.501773 0.518874 0.499291 0.522848 0.493262 0.523179 0.484043 0.523179 0.480496 0.522185 0.486525 0.519536 0.490780 0.516556 0.492553 0.508609 0.492908 0.496026 0.491844 0.486093 0.486170 0.484437 0.485816 0.493046 0.485816 0.500993 0.485461 0.509934 0.485106 0.514570 0.480496 0.515894 0.474468 0.516887 0.465957 0.517550 0.458865 0.517550 0.448936 0.517881
1 0.514539 0.522185 0.516312 0.534768 0.516312 0.543046 0.516667 0.548675 0.524823 0.552318 0.534043 0.552980 0.539362 0.555960 0.542908 0.563907 0.548227 0.569536 0.549645 0.561921 0.547872 0.554636 0.543617 0.551325 0.534397 0.549007 0.525887 0.547351 0.521986 0.542715 0.522340 0.533775 0.522340 0.524834
