1 0.490898 0.003991 0.491626 0.036628 0.490170 0.073344 0.490170 0.122299 0.490170 0.178053 0.490170 0.203891 0.490898 0.236527 0.490170 0.271884 0.496165 0.313373 0.500226 0.336543 0.510151 0.359293 0.514663 0.367718 0.512858 0.403948 0.512858 0.440178 0.513760 0.457029 0.517370 0.465455 0.522783 0.475987 0.522783 0.488204 0.523686 0.500000 0.531807 0.501685 0.530904 0.478093 0.528197 0.468825 0.526844 0.462506 0.523686 0.432174 0.530002 0.439757 0.539025 0.440178 0.548499 0.441021 0.555718 0.443549 0.558425 0.453659 0.553913 0.462085 0.560681 0.462927 0.564290 0.452395 0.562485 0.442706 0.557523 0.438914 0.551658 0.434702 0.538123 0.433438 0.532709 0.431753 0.530002 0.425433 0.526393 0.378671 0.525490 0.358029 0.519174 0.349182 0.511053 0.336965 0.506542 0.323905 0.503384 0.308318 0.502030 0.271245 0.503384 0.241756 0.502933 0.190781 0.503384 0.160870 0.506091 0.114950 0.507444 0.077456 0.509700 0.051758 0.508346 0.003733
1 0.510151 0.067346 0.519174 0.073244 0.527295 0.077035 0.530453 0.087988 0.530453 0.102312 0.529551 0.112001 0.529100 0.122533 0.529100 0.138963 0.529551 0.157500 0.529551 0.168874 0.528197 0.176457 0.526844 0.186147 0.526844 0.195415 0.526393 0.219428 0.526844 0.232487 0.528197 0.253973 0.528197 0.262398 0.531807 0.272088 0.534062 0.280935 0.534965 0.330224 0.525490 0.354659 0.517370 0.344127 0.521881 0.336122 0.525490 0.318850 0.527746 0.299471 0.525490 0.288518 0.520077 0.280092 0.517370 0.251866 0.517821 0.223219 0.516918 0.193308 0.519174 0.180249 0.521430 0.165083 0.520979 0.157500 0.519174 0.133908 0.520979 0.109895 0.522332 0.095150 0.523235 0.087146 0.522783 0.081669 0.516016 0.077878 0.509700 0.077035
1 0.504737 0.153708 0.520528 0.154129 0.520528 0.158763 0.503384 0.159606
1 0.502481 0.279671 0.520979 0.280092 0.521881 0.285990 0.502030 0.285990
1 0.536318 0.333595 0.538574 0.348761 0.541732 0.363084 0.548499 0.371088 0.556620 0.375722 0.562936 0.383306 0.573313 0.403106 0.580532 0.417008 0.584141 0.431331 0.585494 0.442706 0.589555 0.462506 0.585043 0.463770 0.580983 0.447761 0.579178 0.433017 0.575569 0.419114 0.570606 0.409004 0.562485 0.393838 0.556620 0.383306 0.549402 0.379514 0.544439 0.378250 0.538574 0.368982 0.536318 0.358871 0.531355 0.344548
1 0.477217 0.103155 0.476765 0.122533 0.474961 0.163398 0.473156 0.190781 0.471351 0.202998 0.465035 0.211423 0.463682 0.232909 0.464133 0.332752 0.461877 0.358029 0.460524 0.374880 0.462779 0.392152 0.465035 0.406897 0.469547 0.417008 0.481728 0.418693 0.483984 0.438493 0.483984 0.450289 0.486240 0.459136 0.488947 0.471353 0.487593 0.488204 0.487142 0.502528 0.492556 0.502528 0.493909 0.468825 0.491654 0.457451 0.488495 0.448604 0.489849 0.423327 0.488495 0.414480 0.481277 0.413638 0.474058 0.411953 0.470449 0.406476 0.466389 0.384991 0.468193 0.366033 0.469998 0.344127 0.471351 0.329382 0.473156 0.327275 0.478570 0.335280 0.481277 0.350024 0.482179 0.363084 0.483082 0.370246 0.483984 0.386676 0.483984 0.398472 0.483984 0.408161 0.484435 0.414902 0.489849 0.415323 0.490300 0.400157 0.490300 0.380778 0.490300 0.368561 0.488495 0.353816 0.487142 0.336965 0.483533 0.327697 0.476314 0.318007 0.474961 0.308318 0.472254 0.276722 0.470900 0.245968 0.470900 0.220270 0.477668 0.205526 0.480826 0.195415 0.481277 0.141491
1 0.477217 0.210160 0.490751 0.210160 0.489849 0.215636 0.473156 0.216057
1 0.460073 0.394259 0.458268 0.399735 0.451952 0.401842 0.438417 0.401421 0.437064 0.406897 0.451049 0.407740 0.459170 0.407318 0.462779 0.403948
0 0.522783 0.500000 0.520528 0.513481 0.519174 0.528226 0.517821 0.536230 0.526393 0.539600 0.534965 0.542128 0.538574 0.533281 0.538574 0.523170 0.536769 0.512217 0.532709 0.501685
0 0.584141 0.465034 0.581434 0.483570 0.585946 0.491996 0.591811 0.488625 0.592713 0.478936 0.591811 0.467561 0.591811 0.464613
0 0.487593 0.503370 0.484886 0.508426 0.484435 0.513902 0.488947 0.523170 0.493007 0.523170 0.496165 0.517272 0.497067 0.510111 0.495263 0.502106
0 0.562034 0.462506 0.569253 0.467140 0.571960 0.472196 0.566997 0.478515 0.560230 0.480621 0.558425 0.488625 0.555718 0.490311 0.551658 0.483991 0.550755 0.478515 0.548951 0.469247 0.551206 0.464191 0.553462 0.462927
