0 0.489964 0.001979 0.488291 0.147981 0.474910 0.190097 0.423614 0.204136 0.421384 0.271521 0.420269 0.288368 0.428632 0.326272 0.454280 0.344522 0.465989 0.373301 0.483273 0.385936 0.497212 0.401379 0.525090 0.404186 0.546835 0.404888 0.554641 0.394359 0.556871 0.366282 0.550181 0.336801 0.556871 0.309426 0.570810 0.296791 0.585865 0.279242 0.591440 0.252569 0.600361 0.234319 0.605937 0.212559 0.605937 0.199924 0.540702 0.200626 0.523418 0.194309 0.516727 0.177462 0.511151 0.113587 0.508363 0.003383
1 0.492194 0.006893 0.496097 0.077788 0.497212 0.107971 0.497212 0.140260 0.494424 0.152895 0.482716 0.180270 0.472679 0.217472 0.462643 0.255377 0.456510 0.279944 0.460413 0.302406 0.466546 0.319253 0.466546 0.338907 0.465431 0.365580 0.462086 0.385936 0.457625 0.399273 0.451492 0.423840 0.461528 0.425244 0.468219 0.392955 0.475467 0.371196 0.477697 0.330483 0.474910 0.309426 0.469892 0.287666 0.471007 0.263800 0.481043 0.230107 0.487176 0.197818 0.494424 0.175357 0.506133 0.152895 0.508921 0.146577 0.505018 0.007595
3 0.600709 0.200000 0.598227 0.216071 0.593972 0.231696 0.586879 0.243304 0.581560 0.253571 0.580496 0.266518 0.576596 0.277232 0.569149 0.287946 0.560638 0.289286 0.551773 0.294196 0.547872 0.311607 0.544681 0.327232 0.540071 0.339286 0.545035 0.346875 0.556028 0.346875 0.559220 0.334821 0.563830 0.316518 0.574113 0.305804 0.592199 0.288839 0.598227 0.256250 0.606383 0.237054 0.613121 0.213393 0.614894 0.198661
3 0.500355 0.395089 0.495035 0.392411 0.490426 0.405357 0.502128 0.408482 0.518794 0.410714 0.536525 0.410714 0.552837 0.409821 0.558156 0.405357 0.549291 0.392857 0.541135 0.396875 0.526596 0.397321 0.515248 0.396875
3 0.479787 0.377232 0.491135 0.384821 0.486170 0.394196 0.475177 0.385714
3 0.457092 0.333036 0.452128 0.353125 0.441489 0.345089 0.431206 0.336161 0.425177 0.331696 0.421631 0.323661 0.421277 0.314732 0.432979 0.311607 0.439007 0.321429 0.444681 0.326339 0.448936 0.329911
3 0.413830 0.291964 0.428723 0.290625 0.429433 0.250446 0.430851 0.208929 0.422695 0.200446 0.236879 0.200446 0.000000 0.200893 0.000355 0.212500 0.414894 0.212054 0.417730 0.216518 0.416667 0.232143 0.415957 0.258036 0.414539 0.272768 0.413830 0.283036
3 0.606028 0.193750 0.682979 0.196429 0.819504 0.197321 0.933333 0.195982 0.996454 0.195982 0.996454 0.212500 0.986879 0.207143 0.974823 0.207143 0.942908 0.214286 0.891844 0.215625 0.852837 0.215625 0.800000 0.216071 0.725532 0.213839 0.682979 0.213839 0.636525 0.215179 0.620567 0.211161 0.607447 0.208036 0.605674 0.206696
2 0.511348 0.386161 0.499291 0.391964 0.499291 0.400000 0.508156 0.403571 0.547163 0.403571 0.552128 0.400446 0.548227 0.391964 0.542199 0.387054 0.525887 0.386161 0.520567 0.386161
2 0.476950 0.385268 0.492199 0.386161 0.497872 0.382589 0.493262 0.376339 0.487234 0.372321 0.480851 0.373661 0.476950 0.379911
2 0.425887 0.317857 0.441844 0.305357 0.452482 0.301786 0.456383 0.308929 0.457092 0.320982 0.457801 0.333929 0.457801 0.340179 0.450000 0.337946 0.439362 0.333036 0.433688 0.328125 0.429787 0.324554
