0 0.489570 0.001688 0.489570 0.028485 0.490023 0.061554 0.490476 0.090061 0.488211 0.121419 0.485494 0.149927 0.471455 0.200100 0.385406 0.198390 0.386765 0.220626 0.385859 0.239441 0.384048 0.254835 0.374990 0.266238 0.367291 0.277071 0.364121 0.287904 0.366838 0.303868 0.366838 0.316981 0.366838 0.331235 0.365932 0.341498 0.365932 0.351761 0.374084 0.360883 0.386765 0.364874 0.408051 0.372286 0.445187 0.384829 0.472360 0.388250 0.496363 0.385970 0.506327 0.379128 0.514026 0.372856 0.525801 0.370576 0.544822 0.368865 0.559767 0.362594 0.571995 0.347199 0.575166 0.336937 0.584676 0.322113 0.600980 0.318122 0.608679 0.307859 0.611396 0.297596 0.609585 0.289614 0.602339 0.277071 0.600074 0.271369 0.602339 0.265098 0.608679 0.261107 0.614567 0.258256 0.630871 0.257115 0.645816 0.249704 0.655779 0.245712 0.660308 0.231459 0.660761 0.218915 0.662573 0.200100 0.528518 0.200670 0.512214 0.141945 0.510403 0.093482 0.509950 0.045019 0.509950 0.002258
1 0.495005 0.005679 0.493193 0.037037 0.493646 0.078658 0.490929 0.109446 0.487306 0.143085 0.481871 0.176724 0.476889 0.209793 0.475983 0.241721 0.479607 0.264527 0.483230 0.293035 0.489117 0.319832 0.498175 0.347199 0.507685 0.367725 0.514026 0.383119 0.517649 0.392812 0.528971 0.388820 0.518555 0.362594 0.505874 0.327244 0.497722 0.306719 0.493193 0.272510 0.488211 0.236590 0.488664 0.205802 0.491382 0.167602 0.495005 0.141375 0.498628 0.112297 0.504062 0.097473 0.505874 0.074667 0.507233 0.004538
3 0.369555 0.307859 0.388124 0.317552 0.413032 0.325534 0.437035 0.327814 0.459227 0.322113 0.468737 0.311280 0.471907 0.291325 0.467831 0.283342 0.459680 0.283342 0.444281 0.281632 0.421637 0.279922 0.402616 0.279922 0.394464 0.277641 0.384048 0.275930 0.371820 0.275930 0.368197 0.279351 0.366385 0.286193 0.365932 0.294745 0.365932 0.301017
3 0.486853 0.352331 0.491382 0.350620 0.496816 0.354041 0.496816 0.372286 0.496363 0.381979 0.494552 0.385400 0.469643 0.385970 0.438394 0.381979 0.402616 0.367725 0.375443 0.357462 0.365932 0.348340 0.366838 0.342638 0.370008 0.334656 0.376348 0.330665 0.382689 0.338077 0.409862 0.349480 0.434318 0.357462 0.457868 0.359173 0.480059 0.358602 0.485494 0.359173
3 0.542105 0.354611 0.552521 0.344349 0.558409 0.334086 0.562485 0.330095 0.571542 0.327814 0.574260 0.333516 0.572448 0.348910 0.563843 0.360313 0.555691 0.366014 0.543463 0.368865 0.539840 0.368295 0.538935 0.363734
3 0.524895 0.353471 0.536670 0.351761 0.544369 0.347199 0.549351 0.337507 0.547087 0.328955 0.542105 0.325534 0.533953 0.326104 0.527612 0.331805 0.524442 0.338647 0.523084 0.345489
3 0.591922 0.245142 0.582865 0.258256 0.580600 0.267378 0.583770 0.275360 0.591017 0.275360 0.596451 0.266238 0.597810 0.258256 0.600074 0.248563 0.597810 0.246283
3 0.587393 0.288474 0.592375 0.295886 0.586488 0.302728 0.576524 0.305578 0.566108 0.301017 0.563390 0.293035 0.561126 0.282202 0.563843 0.271369 0.570184 0.266808 0.574260 0.269659 0.574713 0.280492 0.576071 0.286763 0.580600 0.287334
3 0.604150 0.290184 0.600980 0.299877 0.597810 0.307289 0.600074 0.312990 0.604150 0.311850 0.607773 0.305578 0.610038 0.299307 0.610038 0.294175
2 0.560220 0.301587 0.572901 0.308429 0.582412 0.308999 0.591469 0.313560 0.598263 0.324393 0.599621 0.339217 0.599169 0.352331 0.592375 0.351761 0.586941 0.341498 0.586941 0.329525 0.580147 0.324393 0.570637 0.322113 0.562938 0.320972 0.556597 0.317552 0.558409 0.309569
2 0.600074 0.240011 0.600980 0.254265 0.600527 0.264527 0.599169 0.274790 0.591922 0.279351 0.588299 0.284483 0.594640 0.286193 0.607773 0.286193 0.620454 0.285623 0.637211 0.285053 0.644910 0.284483 0.648080 0.274790 0.639475 0.270799 0.626342 0.270229 0.616831 0.270229 0.610944 0.267948 0.608679 0.260536 0.607320 0.250844 0.607773 0.243432 0.608679 0.240581
2 0.365932 0.315841 0.383595 0.322113 0.397181 0.328384 0.403069 0.333516 0.401710 0.341498 0.394011 0.339787 0.383595 0.334656 0.374084 0.330095 0.366838 0.327244 0.363668 0.321543
4 0.374990 0.340358 0.365026 0.329525 0.360045 0.342638 0.366838 0.360883 0.374084 0.369435 0.389935 0.374567 0.408503 0.382549 0.425713 0.385970 0.441111 0.390531 0.454245 0.393382 0.475078 0.396232 0.485947 0.395092 0.498628 0.392812 0.503610 0.390531 0.499081 0.375707 0.491382 0.375137 0.481418 0.377988 0.465114 0.377988 0.445640 0.375137 0.425260 0.368865 0.400804 0.360313 0.384048 0.354041 0.379066 0.348340
4 0.538935 0.362023 0.551163 0.359173 0.557956 0.353471 0.563390 0.345489 0.567919 0.338647 0.569278 0.330665 0.568372 0.326104 0.576977 0.323823 0.580147 0.327244 0.580600 0.338077 0.579242 0.352901 0.567014 0.366014 0.559315 0.370005 0.549351 0.372286 0.540293 0.373426 0.535764 0.371716 0.533953 0.366585 0.533047 0.363734
4 0.598716 0.304438 0.596904 0.313560 0.598716 0.324393 0.606868 0.323253 0.613208 0.316981 0.615020 0.306719 0.617284 0.297596 0.616831 0.288474 0.608679 0.287334 0.603244 0.288474 0.604603 0.295316 0.602339 0.301017
4 0.609585 0.250274 0.624077 0.244572 0.638570 0.241151 0.650798 0.237730 0.670272 0.232599 0.685670 0.228038 0.699709 0.225187 0.725071 0.219485 0.750885 0.216065 0.788475 0.212644 0.813837 0.209793 0.842821 0.208082 0.883581 0.202951 0.916189 0.200670 0.951061 0.196679 0.965553 0.196109 0.966006 0.205802 0.914830 0.213214 0.860484 0.220056 0.812931 0.225187 0.765831 0.229748 0.744092 0.232599 0.724165 0.234309 0.712390 0.238300 0.692916 0.242292 0.674348 0.246853 0.663025 0.251414 0.643098 0.257686 0.631323 0.261107 0.620454 0.261677 0.611849 0.261677 0.610038 0.257115
4 0.375443 0.279351 0.376348 0.271369 0.372725 0.265668 0.367291 0.266238 0.361403 0.277071 0.359139 0.287904 0.358686 0.296456 0.360950 0.305578 0.363215 0.311850 0.366385 0.317552 0.370914 0.318692 0.375896 0.319262 0.379066 0.315271 0.381783 0.306149 0.377254 0.301587 0.375443 0.297026 0.374084 0.290754 0.374084 0.286193
4 0.393558 0.215494 0.374537 0.212074 0.347817 0.214354 0.305698 0.216065 0.278525 0.215494 0.246823 0.214924 0.227802 0.217205 0.191571 0.221196 0.171644 0.221196 0.153076 0.221766 0.116392 0.222336 0.067933 0.221766 0.026720 0.224617 0.000000 0.229178 0.000000 0.213214 0.028985 0.209793 0.054346 0.208653 0.089671 0.207512 0.125902 0.206942 0.161680 0.206942 0.179796 0.204662 0.220103 0.204091 0.236860 0.200100 0.261315 0.200100 0.284413 0.198960 0.310227 0.198960 0.347364 0.198960 0.373631 0.200100 0.386312 0.200670 0.394011 0.201241
