2 0.490521 0.002681 0.490521 0.090423 0.483831 0.156404 0.476582 0.178866 0.463758 0.185184 0.429747 0.185184 0.381239 0.191501 0.339979 0.193607 0.269727 0.201328 0.293702 0.253973 0.309314 0.277137 0.317119 0.304512 0.311005 0.335165 0.293079 0.358713 0.268054 0.368388 0.248539 0.385234 0.248539 0.406994 0.251885 0.414013 0.270284 0.408398 0.290914 0.416119 0.317119 0.433667 0.354476 0.445600 0.398524 0.449812 0.438668 0.452620 0.483831 0.452620 0.508921 0.444898 0.539587 0.423840 0.547393 0.408398 0.557987 0.399273 0.575829 0.397167 0.593113 0.403484 0.608167 0.414013 0.620434 0.402782 0.628239 0.381725 0.641621 0.373301 0.657233 0.359263 0.660578 0.341714 0.665596 0.329080 0.671729 0.315041 0.688456 0.280646 0.706298 0.268713 0.726370 0.254675 0.749231 0.251867 0.787145 0.262396 0.813908 0.276435 0.835653 0.278541 0.843459 0.264502 0.859070 0.256079 0.887506 0.243444 0.899773 0.235723 0.910366 0.210453 0.912039 0.192905 0.659463 0.196415 0.622664 0.193607 0.561332 0.175357 0.528993 0.163424 0.512824 0.141664 0.509479 0.109375 0.506691 0.079894 0.507248 0.001979
3 0.492194 0.004085 0.491079 0.064451 0.486618 0.111481 0.486618 0.156404 0.490521 0.176760 0.498327 0.191501 0.520072 0.204136 0.550181 0.206944 0.577501 0.207645 0.608725 0.209049 0.614300 0.216069 0.614300 0.249761 0.594786 0.272223 0.587537 0.293281 0.586980 0.321358 0.584750 0.337503 0.574713 0.352243 0.562447 0.364878 0.554084 0.386638 0.547872 0.415625 0.534397 0.452232 0.542908 0.456696 0.556383 0.425446 0.568580 0.385234 0.578059 0.366984 0.589768 0.355753 0.593113 0.363474 0.590071 0.414732 0.600000 0.416518 0.602592 0.359263 0.598689 0.340311 0.598689 0.293281 0.608167 0.274329 0.622106 0.260290 0.624337 0.209751 0.646081 0.209751 0.653330 0.203434 0.638833 0.198520 0.605937 0.190097 0.579174 0.186587 0.549623 0.190799 0.523418 0.190799 0.511151 0.183780 0.499442 0.168337 0.496655 0.152193 0.496097 0.123414 0.501673 0.096740 0.503345 0.080596 0.505576 0.005489
0 0.274187 0.378917 0.258575 0.378917 0.247982 0.386638 0.250769 0.407696 0.268054 0.408398 0.299277 0.418225 0.355034 0.443494 0.421941 0.449110 0.443686 0.443494 0.431977 0.399273 0.397966 0.399273 0.344998 0.395763 0.330501 0.390148 0.322137 0.395763 0.305411 0.393657 0.285896 0.384532
0 0.889179 0.235723 0.881931 0.225194 0.870779 0.230809 0.852380 0.235723 0.830635 0.241338 0.818368 0.247656 0.822271 0.255377 0.830635 0.257483 0.819483 0.266608 0.816138 0.276435 0.827847 0.280646 0.836768 0.278541 0.841228 0.267310 0.855167 0.254675 0.867991 0.251165 0.883046 0.246252 0.885276 0.243444
1 0.000424 0.197116 0.068446 0.195011 0.184977 0.195011 0.278648 0.196415 0.292587 0.219578 0.304295 0.250463 0.318235 0.266608 0.322695 0.288368 0.327156 0.314339 0.290071 0.316964 0.289007 0.295982 0.274113 0.270982 0.251064 0.236607 0.213475 0.224554 0.174941 0.216069 0.163232 0.219578 0.150408 0.220280 0.138699 0.216771 0.109148 0.214665 0.072349 0.214665 0.040568 0.214665 0.008230 0.216069 0.000424 0.216069
1 0.259133 0.388744 0.242964 0.375407 0.238503 0.395763 0.241848 0.416821 0.254672 0.427350 0.266939 0.429456 0.282551 0.435773 0.303738 0.447004 0.323253 0.452620 0.354476 0.457533 0.399639 0.462447 0.432535 0.465254 0.467661 0.465956 0.486061 0.465254 0.513382 0.454725 0.537914 0.439985 0.549066 0.424542 0.555199 0.405590 0.554641 0.399273 0.539029 0.396465 0.533454 0.413311 0.521745 0.424542 0.504461 0.434369 0.481043 0.439985 0.450934 0.438581 0.404099 0.438581 0.372876 0.435773 0.348900 0.428754 0.311544 0.412610 0.288684 0.401379 0.279205 0.397869 0.269727 0.397869
1 0.606494 0.397167 0.605937 0.426648 0.628239 0.425946 0.640506 0.404888 0.639948 0.389446 0.619876 0.376811 0.614858 0.392955
1 0.639948 0.352243 0.653330 0.383128 0.667269 0.371196 0.679535 0.352945 0.684553 0.332589 0.692917 0.315743 0.682323 0.304512 0.665596 0.297493 0.662251 0.307320 0.656675 0.319253 0.649427 0.347330
1 0.686226 0.265204 0.691802 0.289771 0.709644 0.286964 0.725255 0.281348 0.741425 0.270819 0.735291 0.239934 0.718007 0.242040 0.707413 0.253973 0.696820 0.262396
1 0.822829 0.266608 0.831750 0.263098 0.840671 0.251867 0.853495 0.246252 0.878585 0.237127 0.878585 0.228703 0.878585 0.216771 0.883603 0.204136 0.899773 0.196415 0.928208 0.194309 0.964450 0.186587 0.966122 0.202732 0.928208 0.211155 0.900888 0.219578 0.900888 0.230809 0.901445 0.245550 0.889179 0.260992 0.868549 0.267310 0.855167 0.276435 0.847362 0.286964 0.837883 0.291877 0.817811 0.290473
4 0.662411 0.266518 0.669149 0.283929 0.691135 0.311161 0.700709 0.312054 0.704965 0.299554 0.688298 0.283929 0.674113 0.266964 0.666667 0.264286
