0 0.485112 0.004544 0.485112 0.104507 0.483307 0.137450 0.475186 0.169257 0.446312 0.182888 0.357885 0.188568 0.292919 0.187432 0.272165 0.211287 0.270361 0.247637 0.264045 0.278308 0.245096 0.298755 0.217124 0.315794 0.217124 0.341921 0.239682 0.379407 0.267654 0.381679 0.304649 0.383951 0.357885 0.400991 0.412024 0.416894 0.453531 0.424846 0.494135 0.419166 0.531130 0.410078 0.551883 0.394175 0.561809 0.372592 0.584366 0.349873 0.622264 0.332834 0.667379 0.320338 0.696254 0.313522 0.707984 0.298755 0.726932 0.268084 0.731444 0.248773 0.740467 0.235142 0.772048 0.220374 0.804531 0.218103 0.836112 0.214695 0.898372 0.199927 0.932660 0.186296 0.974167 0.172664 0.843331 0.177208 0.628580 0.177208 0.582562 0.177208 0.533837 0.163577 0.516693 0.144266 0.513986 0.093148 0.511279 0.005680
1 0.489623 0.007952 0.490526 0.072701 0.488721 0.107915 0.487819 0.153353 0.498647 0.190840 0.558199 0.212423 0.610534 0.220374 0.671891 0.221510 0.717909 0.238550 0.734043 0.249554 0.752482 0.241071 0.761348 0.229911 0.719714 0.198791 0.680914 0.193112 0.641212 0.186296 0.599706 0.186296 0.560004 0.186296 0.536544 0.186296 0.516693 0.182888 0.502256 0.165849 0.497744 0.126091 0.498647 0.092012 0.504060 0.055662 0.506767 0.006816
2 0.227952 0.311250 0.216222 0.312386 0.216222 0.339649 0.237877 0.378272 0.268556 0.381679 0.305551 0.382815 0.358788 0.403262 0.413829 0.416894 0.452628 0.427117 0.495940 0.419166 0.532032 0.411214 0.552785 0.393039 0.560906 0.366912 0.548274 0.352145 0.536544 0.346465 0.532032 0.358960 0.530228 0.374864 0.522107 0.382815 0.503158 0.382815 0.462554 0.381679 0.411122 0.379407 0.382248 0.379407 0.348862 0.371456 0.319086 0.369184 0.292016 0.363504 0.261338 0.351009 0.245096 0.335105 0.237877 0.322610
2 0.537446 0.235142 0.529325 0.262405 0.512181 0.274900 0.510377 0.290803 0.524814 0.291939 0.539251 0.277172 0.553688 0.252181 0.555492 0.240822 0.550079 0.235142
2 0.644822 0.298755 0.647529 0.314658 0.667379 0.319202 0.692644 0.311250 0.704374 0.297619 0.705277 0.277172 0.695351 0.262405 0.681817 0.261269 0.683621 0.279444 0.680914 0.291939 0.672793 0.296483 0.657454 0.296483
2 0.748588 0.194248 0.804531 0.190840 0.844233 0.187432 0.863182 0.187432 0.888447 0.201063 0.850550 0.209015 0.803629 0.218103 0.774755 0.215831 0.755806 0.214695 0.749490 0.209015
3 0.000568 0.176072 0.172008 0.178344 0.301942 0.176072 0.301942 0.203335 0.238780 0.202199 0.145841 0.202199 0.086288 0.197655 0.051098 0.194248 0.034856 0.197655 0.001471 0.198791
3 0.226106 0.323980 0.210571 0.303571 0.205167 0.326531 0.205843 0.345238 0.230159 0.386905 0.247720 0.395408 0.267984 0.395408 0.303783 0.397959 0.355792 0.415816 0.409828 0.430272 0.453732 0.440476 0.498987 0.432823 0.538163 0.421769 0.560453 0.400510 0.571935 0.370748 0.568558 0.356293 0.546268 0.365646 0.540189 0.384354 0.526680 0.396259 0.492908 0.403912 0.450355 0.408163 0.415907 0.403061 0.365248 0.389456 0.334853 0.380952 0.305809 0.371599 0.266633 0.369898 0.245019 0.363095 0.232861 0.344388 0.229483 0.335034
3 0.652313 0.306122 0.644208 0.324830 0.663121 0.332483 0.674603 0.332483 0.697568 0.325680 0.711077 0.311224 0.721884 0.289966 0.717832 0.272109 0.694867 0.274660 0.694867 0.288265 0.686761 0.301871 0.668524 0.308673 0.662445 0.307823
3 0.755657 0.199830 0.747552 0.226190 0.779973 0.232993 0.804289 0.232993 0.847518 0.227891 0.863053 0.221088 0.892097 0.213435 0.922492 0.204082 0.954238 0.195578 0.971800 0.185374 0.956940 0.170918 0.920466 0.177721 0.890746 0.190476 0.855623 0.195578 0.830632 0.199830 0.798886 0.202381 0.767815 0.201531
