2 0.486014 0.003408 0.485112 0.103372 0.482405 0.139722 0.474284 0.171529 0.463456 0.181752 0.365104 0.187432 0.275775 0.191976 0.254119 0.210151 0.244194 0.240822 0.229757 0.266948 0.199078 0.303299 0.212613 0.341921 0.227952 0.358960 0.245998 0.366912 0.269458 0.368048 0.307356 0.378272 0.343448 0.393039 0.376834 0.413486 0.400294 0.420302 0.434582 0.419166 0.495940 0.411214 0.530228 0.400991 0.556395 0.380543 0.569929 0.357824 0.584366 0.339649 0.611436 0.321474 0.633092 0.311250 0.662868 0.308979 0.685426 0.298755 0.696254 0.285124 0.720616 0.261269 0.741369 0.256725 0.749490 0.240822 0.768439 0.215831 0.804531 0.213559 0.838819 0.210151 0.882131 0.198791 0.923637 0.187432 0.967851 0.171529 0.720616 0.172664 0.620459 0.174936 0.578050 0.173800 0.537446 0.164713 0.518497 0.149945 0.512181 0.092012 0.511279 0.004544
3 0.487819 0.007952 0.486916 0.096556 0.486916 0.165849 0.509474 0.196519 0.555492 0.213559 0.600608 0.209015 0.652942 0.218103 0.706179 0.226054 0.726932 0.236278 0.744606 0.230797 0.758511 0.238839 0.764894 0.224107 0.717007 0.199927 0.680012 0.193112 0.616850 0.185160 0.572636 0.185160 0.540153 0.185160 0.518497 0.180616 0.501353 0.170393 0.501353 0.128362 0.501353 0.093148 0.506767 0.010224
4 0.707984 0.235142 0.698058 0.252181 0.701667 0.281716 0.703901 0.304018 0.711702 0.299554 0.710691 0.264676 0.714300 0.246501
0 0.203771 0.300795 0.203771 0.317128 0.212961 0.341627 0.228096 0.357959 0.250259 0.366806 0.269179 0.367487 0.305938 0.378375 0.344318 0.394028 0.376751 0.411721 0.401077 0.421929 0.433511 0.420568 0.498919 0.411041 0.531353 0.402875 0.551894 0.381098 0.555138 0.364084 0.553516 0.353196 0.545948 0.342988 0.538380 0.335502 0.533515 0.344349 0.530272 0.358640 0.518920 0.370209 0.492432 0.370209 0.479459 0.368848 0.462701 0.370209 0.440538 0.372251 0.416213 0.372931 0.401077 0.374973 0.374049 0.372251 0.345399 0.368848 0.322154 0.364765 0.304316 0.360001 0.290802 0.355918 0.270260 0.350474 0.254584 0.342988 0.243232 0.329377 0.232421 0.314405 0.222150 0.305559 0.210798 0.302156
0 0.530272 0.213687 0.548110 0.213006 0.557300 0.222534 0.551354 0.238186 0.541083 0.259963 0.532974 0.274254 0.520001 0.289226 0.509730 0.295351 0.499459 0.297392 0.496757 0.280379 0.508108 0.270851 0.519460 0.259963 0.526488 0.249755 0.528650 0.228659
0 0.618383 0.265407 0.612437 0.275615 0.622167 0.300795 0.637303 0.310322 0.666494 0.308281 0.686495 0.298073 0.696225 0.285143 0.697306 0.269490 0.696225 0.251797 0.688657 0.247033 0.681089 0.249074 0.674062 0.255880 0.672440 0.271532 0.668656 0.281740 0.654601 0.285823 0.638384 0.285823 0.632438 0.281740 0.627573 0.270851
0 0.716766 0.242950 0.728118 0.242950 0.734605 0.236825 0.740551 0.229339 0.747038 0.236144 0.745957 0.250436 0.742173 0.259963 0.729740 0.260644 0.720010 0.260644 0.715144 0.251797
0 0.734064 0.206201 0.755146 0.219131 0.817311 0.215728 0.835690 0.212326 0.830825 0.182382 0.810284 0.185105 0.783796 0.184424 0.756768 0.186466 0.741092 0.195312 0.737308 0.199396 0.737308 0.199396
1 0.000519 0.178299 0.039440 0.176938 0.109713 0.176938 0.194581 0.176938 0.285396 0.178299 0.284315 0.202118 0.242151 0.200076 0.193500 0.199396 0.145390 0.198715 0.114578 0.198715 0.084847 0.198035 0.056738 0.195312 0.029709 0.194632 0.012411 0.197354 0.000000 0.198033
1 0.210258 0.308961 0.192419 0.299434 0.194041 0.319169 0.206474 0.351154 0.223231 0.369529 0.247016 0.378375 0.271172 0.385779 0.302461 0.395158 0.339214 0.409539 0.372489 0.423920 0.400536 0.432137 0.437295 0.430096 0.500541 0.421929 0.537839 0.409680 0.559462 0.386542 0.565949 0.363404 0.563246 0.352515 0.545407 0.355237 0.542164 0.372931 0.534056 0.383139 0.514055 0.391986 0.475134 0.400833 0.432970 0.406958 0.403239 0.406958 0.379995 0.399472 0.349183 0.383139 0.309181 0.368167 0.277828 0.360682 0.265395 0.358640 0.250259 0.355918 0.231340 0.347752 0.218907 0.335502 0.215663 0.321891
1 0.623789 0.284462 0.612978 0.296031 0.621086 0.311683 0.635141 0.322572 0.652439 0.321891 0.668656 0.319169 0.690278 0.311003 0.700549 0.296712 0.705414 0.281740 0.689197 0.272213 0.684873 0.284462 0.674602 0.291267 0.661629 0.297392 0.645952 0.298073 0.633519 0.296712 0.629735 0.292628
1 0.722172 0.252477 0.734064 0.252477 0.739470 0.245672 0.743254 0.237505 0.756227 0.242269 0.755687 0.256560 0.749741 0.266088 0.739470 0.269490 0.730280 0.269490 0.720010 0.267449
1 0.758390 0.208243 0.761092 0.229339 0.789742 0.227297 0.824879 0.223895 0.844880 0.219812 0.886813 0.209860 0.927729 0.199367 0.974708 0.178381 0.955007 0.168842 0.913333 0.177427 0.873932 0.187920 0.836046 0.197459 0.809526 0.201274 0.776944 0.205090
