2 0.490806 0.001323 0.489230 0.093915 0.486078 0.133598 0.485028 0.158730 0.481875 0.172619 0.472419 0.186508 0.451931 0.190476 0.275939 0.197751 0.282243 0.246032 0.290123 0.269180 0.302732 0.274471 0.328999 0.283730 0.359995 0.306878 0.375755 0.330026 0.404124 0.353836 0.436170 0.376984 0.465064 0.388228 0.491332 0.396164 0.524954 0.397487 0.548069 0.398148 0.580641 0.400794 0.601129 0.394180 0.607959 0.382275 0.613738 0.369709 0.623719 0.354497 0.643157 0.340608 0.665747 0.326058 0.667849 0.317460 0.657867 0.316799 0.651563 0.320106 0.642632 0.320767 0.635802 0.307540 0.630549 0.292328 0.625296 0.267857 0.625821 0.239418 0.625296 0.216931 0.624245 0.195106 0.561203 0.197090 0.549120 0.196429 0.527055 0.175265 0.514447 0.146164 0.510770 0.115079 0.507092 0.069444 0.508143 0.002646
3 0.493958 0.006614 0.488705 0.120370 0.487654 0.159392 0.488180 0.181878 0.494484 0.193122 0.504991 0.199735 0.518650 0.200397 0.533885 0.210979 0.544392 0.225529 0.546493 0.273148 0.549120 0.318783 0.549645 0.355820 0.552797 0.376984 0.553848 0.392857 0.552272 0.408069 0.542291 0.424603 0.532309 0.436508 0.527581 0.447090 0.538613 0.452381 0.550171 0.432540 0.558576 0.422619 0.562254 0.414683 0.568558 0.391534 0.565406 0.347884 0.564355 0.303571 0.563830 0.261243 0.558051 0.224868 0.549645 0.205688 0.524954 0.190476 0.509194 0.190476 0.495535 0.183201 0.496585 0.164021 0.496060 0.132275 0.497111 0.123016 0.502889 0.124339 0.504991 0.138228 0.507092 0.159392 0.509194 0.180556 0.512346 0.191138 0.525479 0.191799 0.520226 0.170635 0.512871 0.144180 0.510244 0.115079 0.505516 0.092593 0.504465 0.063492 0.507618 0.003307
0 0.284345 0.235450 0.305884 0.236772 0.316916 0.246693 0.332677 0.249339 0.345285 0.248677 0.354741 0.246693 0.359995 0.255952 0.351589 0.264550 0.332677 0.265873 0.315866 0.266534 0.300630 0.267196 0.290123 0.261905 0.285921 0.247354
0 0.362621 0.293651 0.378382 0.308201 0.407276 0.322751 0.449829 0.339947 0.480825 0.352513 0.500788 0.357143 0.510770 0.356481 0.518125 0.353836 0.538088 0.360450 0.548069 0.365741 0.549645 0.381614 0.544392 0.390873 0.526005 0.394841 0.479249 0.388889 0.452981 0.380291 0.428815 0.368386 0.399396 0.348545 0.376806 0.329365 0.365248 0.313492 0.364198 0.303571
0 0.573811 0.386243 0.584318 0.379630 0.598503 0.376323 0.604282 0.378307 0.603231 0.386905 0.593249 0.396825 0.581166 0.399471 0.572761 0.395503
0 0.636328 0.329365 0.659443 0.319444 0.664697 0.323413 0.658392 0.330688 0.646835 0.337302 0.638429 0.337302
4 0.231810 0.226852 0.257552 0.218915 0.285395 0.217593 0.309036 0.217593 0.325322 0.216270 0.324271 0.230159 0.298004 0.232143 0.274888 0.233466 0.261755 0.236772 0.247045 0.239418 0.236013 0.239418
4 0.294326 0.293651 0.315866 0.278439 0.331626 0.277116 0.354741 0.274471 0.370502 0.283730 0.382059 0.291005 0.379433 0.302910 0.369976 0.292328 0.348437 0.291005 0.335829 0.292989 0.311663 0.305556 0.301681 0.312831
1 0.001182 0.203042 0.049514 0.202381 0.084712 0.201058 0.159837 0.201058 0.230234 0.201058 0.279616 0.201058 0.275939 0.214947 0.245994 0.217593 0.217100 0.217593 0.202390 0.214947 0.184003 0.215608 0.168768 0.215608 0.143551 0.216270 0.124639 0.216931 0.107828 0.216931 0.085763 0.216270 0.056344 0.215608 0.034279 0.216270 0.015366 0.216270 0.001707 0.217593
1 0.289073 0.234788 0.274363 0.236772 0.274888 0.246693 0.282243 0.265212 0.289073 0.275132 0.298529 0.277116 0.301681 0.279762 0.310612 0.276455 0.310087 0.261905 0.300105 0.256614 0.295377 0.252646 0.292750 0.246693
1 0.369451 0.300265 0.356317 0.300265 0.358944 0.317460 0.367350 0.332672 0.379958 0.346561 0.399396 0.362434 0.427765 0.380291 0.449829 0.390873 0.478198 0.401455 0.504991 0.405423 0.525479 0.405423 0.545443 0.406085 0.549645 0.404762 0.543341 0.382937 0.525479 0.386243 0.496060 0.383598 0.479249 0.380952 0.454557 0.372354 0.429866 0.359127 0.404124 0.343254 0.384161 0.326058 0.376806 0.312831
1 0.573811 0.391534 0.586420 0.390212 0.595351 0.386905 0.603756 0.378968 0.613738 0.389550 0.603231 0.403439 0.589572 0.407407 0.579590 0.408069 0.573811 0.403439
1 0.637904 0.335979 0.648936 0.328042 0.657867 0.324735 0.665222 0.324074 0.666273 0.332672 0.661019 0.338624 0.649462 0.345899 0.643683 0.346561
1 0.591673 0.209656 0.610586 0.199735 0.645784 0.197751 0.694641 0.197751 0.710927 0.201720 0.728264 0.201720 0.747176 0.198413 0.777121 0.199735 0.803914 0.199735 0.837011 0.199074 0.871684 0.199735 0.909509 0.199074 0.978329 0.202381 0.996454 0.201764 0.996454 0.219577 0.961518 0.219577 0.902154 0.218915 0.865380 0.216931 0.833333 0.216270 0.791831 0.218254 0.761361 0.218254 0.747702 0.216270 0.723536 0.218254 0.700946 0.220238 0.676254 0.214286 0.650512 0.213624 0.622669 0.213624 0.602706 0.224868
