0 0.488200 0.001955 0.487113 0.044342 0.487657 0.092882 0.487113 0.135952 0.483312 0.153044 0.476253 0.172186 0.467564 0.181074 0.453445 0.187910 0.438782 0.191328 0.422491 0.196798 0.377418 0.196798 0.260663 0.199532 0.251431 0.217991 0.240570 0.230297 0.230795 0.241919 0.241113 0.272000 0.250345 0.294561 0.272067 0.312336 0.304107 0.334213 0.306279 0.348570 0.308451 0.362243 0.319312 0.391640 0.330173 0.411466 0.346464 0.426507 0.377961 0.431292 0.436067 0.431976 0.457789 0.431976 0.482769 0.431292 0.500147 0.438813 0.521869 0.439496 0.569114 0.440180 0.576716 0.435394 0.589749 0.432660 0.595180 0.425139 0.601696 0.417619 0.611471 0.411466 0.621246 0.405313 0.631021 0.403946 0.640253 0.390957 0.650028 0.375916 0.656544 0.358825 0.665233 0.345835 0.675551 0.332162 0.682067 0.324642 0.695101 0.316438 0.705419 0.308234 0.724425 0.297295 0.750491 0.279520 0.774386 0.267215 0.792306 0.256960 0.798823 0.248756 0.804253 0.238501 0.810770 0.226879 0.814571 0.212522 0.817286 0.197481 0.556624 0.198165 0.543590 0.192012 0.530557 0.182441 0.515895 0.155095 0.512637 0.131167 0.512094 0.063484 0.511551 0.001955
1 0.494173 0.003323 0.493087 0.036138 0.494716 0.094249 0.497431 0.146891 0.506663 0.179023 0.519696 0.213206 0.531100 0.246705 0.540332 0.269265 0.546849 0.281571 0.547392 0.298663 0.547392 0.325325 0.547935 0.353355 0.551736 0.369763 0.566941 0.385487 0.585405 0.401895 0.598981 0.430609 0.599524 0.442231 0.615273 0.432660 0.607127 0.404630 0.595723 0.388222 0.581604 0.376600 0.568571 0.368396 0.564769 0.355406 0.563140 0.341733 0.561511 0.306867 0.559882 0.279520 0.553908 0.261062 0.542504 0.243286 0.530014 0.211838 0.515352 0.172186 0.513180 0.157829 0.509921 0.109290 0.506663 0.085362 0.507206 0.004690
2 0.678266 0.344468 0.685869 0.309601 0.687498 0.293194 0.680981 0.282255 0.675551 0.280888 0.678266 0.272000 0.692385 0.278153 0.695644 0.282939 0.696187 0.295244 0.694015 0.307550 0.692385 0.326009 0.686412 0.347886
3 0.680981 0.284306 0.650571 0.280888 0.640253 0.284306 0.623418 0.293877 0.605498 0.308918 0.596266 0.315754 0.592465 0.330795 0.594094 0.358141 0.598438 0.375916 0.600610 0.395742 0.613644 0.403262 0.627763 0.403262 0.638624 0.397793 0.649485 0.377967 0.656544 0.362927 0.661432 0.349937 0.668491 0.339682 0.675551 0.330111 0.682067 0.323274 0.684783 0.305499 0.684783 0.294561
3 0.311709 0.355406 0.325828 0.370447 0.336689 0.378651 0.344292 0.382753 0.335060 0.414201 0.326371 0.401895 0.317683 0.392324 0.314424 0.381385 0.310623 0.371130 0.310080 0.365661
3 0.323656 0.325325 0.322570 0.349253 0.301934 0.330795 0.285100 0.319856 0.267722 0.304132 0.249259 0.290459 0.244914 0.276786 0.240570 0.261062 0.234596 0.248072 0.232967 0.239185 0.237855 0.239185 0.246000 0.252174 0.250888 0.261745 0.266636 0.273367 0.276954 0.285673 0.289987 0.300714 0.299219 0.304816 0.311166 0.313703 0.317683 0.319173
4 0.000000 0.227562 0.014662 0.224144 0.037470 0.218675 0.058106 0.214573 0.086888 0.208420 0.114583 0.205002 0.149881 0.202267 0.180835 0.200216 0.238941 0.198849 0.260663 0.198849 0.260120 0.214573 0.238398 0.212522 0.212332 0.213889 0.185179 0.213889 0.165629 0.216624 0.127616 0.217991 0.092318 0.222777 0.063537 0.228246 0.032040 0.236450 0.013033 0.241236 0.001086 0.241919
4 0.237312 0.245337 0.226994 0.250123 0.234053 0.272000 0.237855 0.289092 0.243285 0.300714 0.263378 0.317122 0.286729 0.332846 0.296504 0.342417 0.299219 0.357457 0.304107 0.377283 0.312795 0.398477 0.325285 0.421038 0.343206 0.436078 0.370901 0.441547 0.404027 0.440864 0.434981 0.442915 0.457789 0.442231 0.481140 0.442915 0.497431 0.448384 0.522412 0.450435 0.554994 0.447700 0.570743 0.448384 0.581061 0.444966 0.591379 0.440864 0.598438 0.431976 0.582690 0.423772 0.572372 0.425139 0.564226 0.429241 0.521869 0.429241 0.502319 0.427874 0.492544 0.422405 0.482769 0.418987 0.457789 0.419670 0.431723 0.419670 0.378504 0.419670 0.354610 0.416936 0.341577 0.407364 0.331259 0.390957 0.331802 0.380018 0.329087 0.365661 0.327458 0.353355 0.317683 0.334897 0.306822 0.322591 0.280212 0.304132 0.257404 0.285673 0.249259 0.269265 0.244914 0.256276
4 0.611471 0.391640 0.610928 0.409415 0.625048 0.410783 0.637538 0.408048 0.648399 0.395742 0.657087 0.373865 0.665776 0.357457 0.676094 0.343784 0.686955 0.332846 0.677180 0.315754 0.668491 0.325325 0.661432 0.336264 0.651114 0.348570 0.644054 0.362927 0.638081 0.374549 0.632107 0.386171 0.627220 0.392324 0.618531 0.393008
4 0.697273 0.302765 0.697273 0.326009 0.714650 0.315754 0.732571 0.301397 0.751035 0.291826 0.777644 0.275418 0.797194 0.264480 0.816200 0.252858 0.858015 0.234399 0.894942 0.220042 0.929697 0.208420 0.942187 0.202951 0.932955 0.192012 0.903631 0.198165 0.877565 0.206369 0.858015 0.211838 0.834121 0.223460 0.810770 0.237134 0.783617 0.250123 0.758094 0.264480 0.728227 0.280888 0.714107 0.291143
2 0.193868 0.215257 0.228623 0.214573 0.254689 0.215257 0.267179 0.225511 0.270981 0.243970 0.281299 0.265164 0.294332 0.287041 0.289444 0.292510 0.278040 0.277469 0.267179 0.266531 0.257947 0.258327 0.246544 0.242603 0.237312 0.234399 0.216676 0.234399 0.194954 0.236450
