0 0.488743 0.001272 0.488200 0.077841 0.486570 0.140054 0.482769 0.153727 0.476253 0.168768 0.461590 0.183808 0.445842 0.188594 0.428464 0.194063 0.396968 0.196798 0.259034 0.198849 0.256318 0.216624 0.251431 0.238501 0.244914 0.254225 0.244914 0.270633 0.255775 0.289092 0.267179 0.303448 0.280212 0.315071 0.291616 0.322591 0.295418 0.329427 0.290530 0.337631 0.276954 0.350621 0.268265 0.363610 0.272067 0.379334 0.285643 0.399160 0.305736 0.411466 0.339948 0.418987 0.389365 0.423088 0.415431 0.425823 0.439325 0.431292 0.456703 0.431292 0.472994 0.432660 0.469736 0.440864 0.472994 0.447700 0.487113 0.453169 0.498517 0.455220 0.523498 0.455904 0.550650 0.453853 0.564226 0.444282 0.570743 0.434711 0.582147 0.430609 0.601153 0.427190 0.615816 0.416936 0.625048 0.414885 0.639167 0.401211 0.657630 0.371814 0.676094 0.348570 0.679895 0.345835 0.699988 0.329427 0.718452 0.313703 0.733114 0.300030 0.742889 0.293877 0.764611 0.276102 0.784160 0.265847 0.805339 0.252858 0.821631 0.243286 0.825432 0.225511 0.826518 0.212522 0.827604 0.198849 0.557167 0.198849 0.543590 0.194063 0.531100 0.182441 0.518067 0.155778 0.512637 0.138687 0.510465 0.094249 0.511551 0.002639
1 0.493630 0.004006 0.493087 0.055964 0.494716 0.093565 0.500147 0.150309 0.505577 0.178339 0.513723 0.215940 0.519696 0.241919 0.521869 0.272684 0.521869 0.293877 0.527842 0.308234 0.535988 0.328744 0.542504 0.346519 0.555537 0.368396 0.570743 0.382069 0.581061 0.397109 0.581061 0.422405 0.567484 0.447700 0.577802 0.453169 0.587577 0.431292 0.592465 0.418303 0.593008 0.396426 0.591379 0.380702 0.580518 0.369763 0.563140 0.354039 0.552822 0.337631 0.544677 0.312336 0.537074 0.301397 0.530014 0.293194 0.528928 0.268582 0.528928 0.237134 0.524041 0.210471 0.516981 0.178339 0.512094 0.149625 0.508292 0.099035 0.506663 0.055281 0.508292 0.003323
4 0.168888 0.220042 0.162914 0.226195 0.167802 0.228246 0.180835 0.225511 0.197126 0.221409 0.214504 0.223460 0.235140 0.230297 0.243828 0.240552 0.249259 0.253541 0.257404 0.261745 0.267179 0.269265 0.283471 0.289775 0.292159 0.287724 0.274239 0.263113 0.265550 0.252858 0.258491 0.239868 0.257404 0.228930 0.249802 0.215940 0.232424 0.211155 0.210159 0.211155 0.192239 0.212522 0.179749 0.215257
4 0.682067 0.346519 0.675008 0.360876 0.683697 0.364978 0.689127 0.351988 0.687498 0.332846 0.687498 0.313703 0.690756 0.299346 0.688584 0.285673 0.678266 0.276102 0.666862 0.274735 0.668491 0.281571 0.681524 0.290459 0.682067 0.300030 0.679352 0.308918 0.680981 0.319856 0.682067 0.335580
2 0.625591 0.289092 0.644597 0.281571 0.662518 0.282255 0.680438 0.290459 0.680438 0.308918 0.680438 0.339682 0.680981 0.350621 0.675008 0.350621 0.666319 0.360876 0.657087 0.376600 0.650028 0.386171 0.642425 0.397793 0.627763 0.412150 0.615816 0.414885 0.610385 0.425139 0.595723 0.425823 0.594637 0.402579 0.595180 0.355406 0.596266 0.328060 0.602240 0.314387 0.615816 0.298663
2 0.297047 0.331478 0.315511 0.315754 0.297047 0.304132 0.282385 0.288408 0.266093 0.270633 0.255775 0.265164 0.247087 0.257643 0.244371 0.263113 0.248173 0.275418 0.250888 0.285673 0.256318 0.286357 0.268265 0.302081 0.285643 0.315754 0.291616 0.323274
3 0.000000 0.228930 0.021722 0.222093 0.055391 0.214573 0.086345 0.206369 0.128702 0.202267 0.180835 0.196798 0.218305 0.196798 0.246000 0.198165 0.265007 0.198165 0.262292 0.212522 0.234596 0.209104 0.208530 0.207736 0.188437 0.210471 0.168345 0.215940 0.155312 0.213206 0.134676 0.215257 0.110782 0.217307 0.089603 0.222093 0.065166 0.227562 0.043987 0.230297 0.028782 0.235083 0.010318 0.241236 0.001086 0.243970
3 0.250345 0.259011 0.237855 0.253541 0.237855 0.267898 0.238941 0.278153 0.244914 0.289092 0.254146 0.300030 0.263378 0.311652 0.276954 0.322591 0.284557 0.328060 0.282928 0.334897 0.273696 0.341733 0.262292 0.357457 0.260663 0.372498 0.265550 0.384804 0.280212 0.405313 0.304107 0.420354 0.337775 0.428558 0.389365 0.431976 0.413259 0.433343 0.437696 0.440864 0.454531 0.440180 0.461047 0.439496 0.463762 0.449067 0.469736 0.456588 0.485484 0.463424 0.497431 0.464108 0.523498 0.464792 0.551193 0.462741 0.565855 0.452486 0.576173 0.440864 0.564226 0.427190 0.557167 0.437445 0.547392 0.442915 0.524041 0.446333 0.498517 0.444966 0.487113 0.444282 0.480054 0.440864 0.482226 0.433343 0.482769 0.425823 0.477882 0.421721 0.457789 0.420354 0.440411 0.421038 0.417603 0.415568 0.389908 0.411466 0.341034 0.409415 0.307908 0.401211 0.291616 0.392324 0.280755 0.375232 0.279669 0.365661 0.287815 0.354039 0.297047 0.348570 0.303563 0.335580 0.304650 0.326693 0.298133 0.315071 0.286729 0.307550 0.272067 0.293877 0.259034 0.278153 0.254689 0.269949
3 0.598438 0.413517 0.595180 0.436762 0.609842 0.432660 0.619617 0.427190 0.627763 0.425139 0.645140 0.407364 0.664690 0.377283 0.680438 0.356774 0.683697 0.354039 0.674465 0.335580 0.664690 0.347202 0.652200 0.362927 0.634822 0.392324 0.623961 0.401211 0.615273 0.404630 0.607127 0.410099
3 0.691299 0.324642 0.695101 0.343784 0.709220 0.331478 0.729856 0.315754 0.751035 0.297979 0.766240 0.286357 0.795021 0.269949 0.825432 0.252858 0.846068 0.240552 0.886253 0.224144 0.926439 0.211155 0.946532 0.201583 0.936757 0.193379 0.908518 0.201583 0.882995 0.207736 0.855300 0.217307 0.836293 0.229613 0.813485 0.238501 0.791763 0.246705 0.769498 0.262429 0.752664 0.272000 0.733657 0.286357 0.713021 0.303448 0.702703 0.313703
