2 0.488904 0.001783 0.489376 0.082628 0.487487 0.118889 0.486071 0.157528 0.479460 0.187845 0.468128 0.196761 0.349137 0.199734 0.318445 0.199139 0.330250 0.230050 0.361886 0.258584 0.379357 0.274634 0.418076 0.304356 0.437436 0.325162 0.472377 0.341212 0.500236 0.344184 0.529039 0.339428 0.554065 0.322189 0.559259 0.316839 0.566814 0.299601 0.569647 0.287117 0.579563 0.264528 0.596562 0.246100 0.640475 0.232428 0.680610 0.226484 0.707997 0.225295 0.721218 0.216378 0.722635 0.198545 0.715552 0.196167 0.526678 0.197356 0.519123 0.182495 0.513929 0.159311 0.511096 0.071333 0.509680 0.002378
3 0.492681 0.006539 0.492209 0.053500 0.494570 0.095706 0.491737 0.134939 0.489848 0.161689 0.485598 0.181900 0.483237 0.198545 0.488432 0.209245 0.490320 0.228267 0.490320 0.244317 0.495514 0.256206 0.493153 0.206273 0.499292 0.159906 0.503541 0.123645 0.504958 0.080250 0.502125 0.051122 0.503541 0.017239 0.503069 0.005350
3 0.506383 0.164286 0.507092 0.189286 0.520213 0.215625 0.537234 0.240179 0.554965 0.261161 0.573759 0.268750 0.594326 0.272321 0.603191 0.262500 0.578014 0.258482 0.558156 0.245982 0.542553 0.232589 0.529078 0.212054 0.519858 0.195089 0.511702 0.172768 0.510638 0.166518
4 0.315603 0.212500 0.343617 0.211607 0.370567 0.216518 0.387234 0.218750 0.400000 0.233482 0.399645 0.242411 0.378369 0.229464 0.358156 0.223661 0.346809 0.223661 0.337234 0.223661 0.319149 0.226786
4 0.373050 0.278125 0.392908 0.273661 0.418440 0.273661 0.429433 0.270982 0.437589 0.267857 0.442908 0.274554 0.440071 0.286161 0.435461 0.291964 0.422695 0.286607 0.412411 0.286607 0.398582 0.287946 0.386170 0.289732 0.379078 0.283929
4 0.603901 0.211161 0.630142 0.207143 0.662057 0.207589 0.688652 0.210268 0.702837 0.214732 0.716667 0.230804 0.719504 0.239286 0.712057 0.241518 0.708511 0.234375 0.698582 0.225000 0.683688 0.220089 0.670213 0.216518 0.651773 0.216071 0.635106 0.217411 0.615248 0.220536 0.605319 0.222768 0.597872 0.224554 0.595035 0.217411 0.596454 0.213393
1 0.069981 0.222534 0.035385 0.224575 0.000000 0.224575 0.000000 0.205520 0.022412 0.210284 0.047278 0.205520 0.064035 0.210284 0.079712 0.206201 0.096469 0.210284 0.119858 0.207143 0.151773 0.207589 0.172340 0.211607 0.185106 0.212500 0.191844 0.207589 0.203901 0.211161 0.212057 0.214286 0.219149 0.211161 0.237589 0.210714 0.261348 0.210268 0.274468 0.212946 0.293972 0.211607 0.310284 0.208036 0.328369 0.204911 0.327305 0.215179 0.313475 0.220536 0.296809 0.221875 0.284043 0.224107 0.268794 0.224554 0.257801 0.223214 0.247163 0.222768 0.236879 0.222321 0.227305 0.222321 0.219504 0.224107 0.211348 0.225000 0.202128 0.224554 0.197518 0.221429 0.191489 0.223661 0.183333 0.224107 0.171631 0.225000 0.160284 0.223214 0.150355 0.220982 0.135461 0.220536 0.117730 0.220536 0.109574 0.220536 0.102128 0.220982
1 0.331915 0.229018 0.347163 0.231696 0.355319 0.238839 0.369504 0.243750 0.375887 0.252232 0.374468 0.258036 0.371631 0.263839 0.382979 0.268750 0.395745 0.266518 0.403546 0.267857 0.402837 0.278125 0.393617 0.279464 0.383688 0.280357 0.375887 0.280357 0.368440 0.276339 0.365603 0.270982 0.360638 0.266071 0.353191 0.257589 0.343972 0.250446 0.337943 0.245089 0.331915 0.238839
1 0.418794 0.294643 0.430496 0.305804 0.447518 0.319643 0.458865 0.326786 0.474468 0.332589 0.490071 0.336607 0.507801 0.336161 0.518794 0.334821 0.530496 0.329464 0.543262 0.322768 0.553901 0.316071 0.562057 0.323661 0.548936 0.337054 0.532979 0.346429 0.517376 0.350000 0.499645 0.352679 0.470922 0.349107 0.448582 0.339732 0.434397 0.332143 0.424113 0.320982 0.420213 0.312946 0.416667 0.306250
1 0.568440 0.275893 0.578369 0.279911 0.575887 0.290625 0.566667 0.289286 0.564184 0.284375 0.566667 0.282143
1 0.581915 0.245536 0.583688 0.256696 0.592553 0.255804 0.601773 0.250893 0.619504 0.245089 0.642199 0.240625 0.679078 0.233482 0.691489 0.231696 0.684752 0.220089 0.671631 0.220089 0.656738 0.222768 0.642553 0.225446 0.625532 0.230357 0.604610 0.235714 0.592553 0.240179 0.587943 0.242857
1 0.707447 0.209375 0.708156 0.221429 0.734752 0.224107 0.757801 0.221875 0.775887 0.224107 0.797518 0.224554 0.814894 0.224554 0.841135 0.224554 0.868085 0.225446 0.908156 0.224554 0.939208 0.225256 0.969480 0.224575 0.996454 0.223214 0.996454 0.208243 0.959750 0.207562 0.925694 0.211645 0.890426 0.212500 0.883688 0.209375 0.865603 0.212054 0.854255 0.210714 0.844326 0.209375 0.832270 0.208482 0.823404 0.210714 0.811702 0.212946 0.804610 0.213393 0.797518 0.208929 0.791844 0.208036 0.785461 0.211161 0.776950 0.212054 0.768440 0.209821 0.757092 0.209821 0.747872 0.209375 0.739716 0.213839 0.729787 0.213839 0.718794 0.211607
0 0.340780 0.226786 0.353901 0.224107 0.368794 0.229911 0.383688 0.238393 0.402482 0.250446 0.412411 0.257589 0.422695 0.258482 0.430851 0.262500 0.427305 0.270089 0.417730 0.271429 0.402128 0.273214 0.386525 0.273214 0.375177 0.268304 0.368794 0.261607 0.370922 0.255357 0.370567 0.250000 0.362411 0.246875 0.353546 0.243750 0.346809 0.238393
0 0.421277 0.292857 0.429787 0.301786 0.440780 0.311607 0.453191 0.315625 0.485106 0.320982 0.517021 0.321429 0.536525 0.321875 0.548936 0.316964 0.553546 0.317411 0.554610 0.323214 0.531206 0.337054 0.516667 0.342411 0.499291 0.342411 0.472340 0.340179 0.454610 0.332589 0.437589 0.322768 0.428369 0.313393 0.424113 0.305804
0 0.554255 0.275893 0.552837 0.282143 0.556738 0.285268 0.560993 0.285268 0.567021 0.287946 0.571277 0.283036 0.568794 0.279018 0.564539 0.277679 0.558511 0.276786
0 0.574823 0.238839 0.574823 0.246875 0.579787 0.249554 0.594326 0.245089 0.616667 0.239286 0.631560 0.234375 0.659574 0.229464 0.681206 0.227679 0.680851 0.220089 0.668440 0.219196 0.651773 0.219196 0.639007 0.219643 0.619149 0.224107 0.604610 0.227232 0.589007 0.233036 0.584043 0.235714
