0 0.489570 0.002209 0.490797 0.060137 0.489570 0.100300 0.487730 0.129650 0.483435 0.160544 0.479754 0.180626 0.465643 0.190667 0.374230 0.197618 0.307971 0.199163 0.270547 0.199935 0.276068 0.228513 0.290179 0.240871 0.311348 0.234821 0.322695 0.234821 0.330142 0.246875 0.350917 0.253228 0.380979 0.254001 0.397213 0.252861 0.413503 0.262325 0.426868 0.269161 0.428122 0.287039 0.420603 0.302814 0.406133 0.309611 0.398771 0.325059 0.410997 0.344881 0.421439 0.366965 0.429792 0.388524 0.422692 0.409032 0.399384 0.449410 0.410427 0.466402 0.437422 0.475670 0.469938 0.479532 0.500000 0.478760 0.511043 0.460995 0.515951 0.426239 0.516565 0.403840 0.519019 0.389165 0.531289 0.376807 0.534357 0.359043 0.525768 0.344368 0.534970 0.336644 0.555830 0.334327 0.561351 0.316563 0.559511 0.304977 0.553989 0.297253 0.559511 0.290302 0.571167 0.284123 0.581597 0.277172 0.600002 0.272538 0.618408 0.267131 0.637427 0.250139 0.651537 0.237781 0.652151 0.211521 0.653992 0.196846 0.542946 0.196846 0.526995 0.192211 0.522086 0.180626 0.515338 0.148959 0.507976 0.103389 0.507976 0.003754
1 0.493280 0.007824 0.492026 0.039900 0.490356 0.110361 0.485761 0.154005 0.481585 0.183451 0.474066 0.195545 0.464042 0.201855 0.442323 0.207113 0.401390 0.203958 0.360875 0.204484 0.312007 0.205536 0.273998 0.205010 0.276086 0.213423 0.295717 0.216052 0.298641 0.221837 0.295299 0.234457 0.304488 0.232353 0.306577 0.224466 0.316183 0.217104 0.332891 0.216052 0.394289 0.216052 0.426868 0.220259 0.448588 0.216578 0.460283 0.216578 0.480749 0.204484 0.493697 0.182925 0.497039 0.148746 0.496621 0.116671 0.501633 0.100370 0.506228 0.081440 0.507063 0.008350
1 0.505810 0.117723 0.507063 0.159789 0.510822 0.186606 0.517505 0.208165 0.530871 0.217104 0.562614 0.217630 0.580157 0.211846 0.575980 0.207113 0.533377 0.205010 0.523352 0.197648 0.516670 0.185029 0.513746 0.162944 0.511240 0.120352
2 0.523770 0.353820 0.515834 0.364862 0.504975 0.369069 0.491191 0.375904 0.481585 0.382740 0.479078 0.390102 0.484926 0.395360 0.498292 0.395360 0.517087 0.389050 0.528365 0.380637 0.532959 0.369069 0.533377 0.358552 0.530453 0.355923
2 0.405985 0.448469 0.426033 0.448995 0.441070 0.453727 0.457777 0.457934 0.478661 0.457408 0.489520 0.447943 0.493697 0.431116 0.496621 0.414816 0.506228 0.402722 0.514581 0.404825 0.514164 0.426384 0.512075 0.446365 0.507481 0.461615 0.502468 0.476338 0.490356 0.477389 0.471143 0.477389 0.457777 0.477389 0.438981 0.475286 0.427286 0.472657 0.414756 0.467399 0.406820 0.463192 0.403896 0.455305
3 0.000322 0.197240 0.086718 0.197240 0.224049 0.198052 0.265957 0.195617 0.274468 0.197768 0.268794 0.207143 0.210993 0.212054 0.179433 0.213393 0.000709 0.212946
3 0.278014 0.215625 0.281915 0.224107 0.289362 0.231250 0.293617 0.233482 0.289716 0.248214 0.280851 0.243304 0.271631 0.236161 0.269504 0.228571 0.268085 0.218304
3 0.309574 0.242411 0.309929 0.228571 0.322695 0.227232 0.330851 0.231250 0.335461 0.238393 0.348582 0.241964 0.365603 0.241518 0.384043 0.241518 0.404255 0.243304 0.419149 0.254018 0.430142 0.259821 0.434752 0.270089 0.435461 0.283036 0.434397 0.293750 0.430496 0.306250 0.423050 0.312054 0.413475 0.316518 0.409220 0.322768 0.413121 0.332143 0.422695 0.346875 0.429078 0.359375 0.436170 0.375000 0.440071 0.388393 0.438652 0.399554 0.434397 0.409375 0.430142 0.419196 0.413830 0.411161 0.419858 0.396429 0.421631 0.388393 0.418085 0.375000 0.411702 0.362054 0.405319 0.350893 0.397518 0.337500 0.392553 0.327232 0.392199 0.318750 0.394326 0.308929 0.401064 0.301339 0.406383 0.299107 0.413830 0.295089 0.418440 0.290179 0.420922 0.281696 0.419504 0.275893 0.402837 0.264732 0.391844 0.263839 0.381206 0.263393 0.361702 0.262500 0.349645 0.263393 0.332979 0.257589 0.326241 0.254911 0.318794 0.244196
3 0.407092 0.448214 0.391844 0.451786 0.398936 0.464732 0.410993 0.476786 0.431560 0.483929 0.451773 0.487054 0.469149 0.488839 0.499645 0.487946 0.506383 0.486161 0.515603 0.472768 0.518440 0.461161 0.523050 0.430804 0.522695 0.403125 0.509574 0.406250 0.508511 0.422321 0.507801 0.436161 0.503901 0.450000 0.499645 0.463393 0.494681 0.468750 0.475532 0.469196 0.456028 0.469643 0.437589 0.466964 0.423404 0.463393 0.416312 0.456696
3 0.513121 0.381250 0.525532 0.394643 0.535816 0.383036 0.540780 0.365179 0.541489 0.353571 0.536170 0.347768 0.544681 0.343750 0.553901 0.343304 0.562057 0.340625 0.568085 0.319196 0.568085 0.304464 0.564184 0.299107 0.572695 0.294196 0.583688 0.287500 0.601418 0.281696 0.620567 0.277232 0.643262 0.256696 0.657092 0.243750 0.659220 0.218304 0.685106 0.220089 0.754255 0.220982 0.821277 0.220536 0.870213 0.220536 0.893262 0.219643 0.922340 0.213839 0.950355 0.208036 0.981560 0.201339 0.980142 0.191518 0.956383 0.191964 0.932979 0.194196 0.880142 0.200000 0.840071 0.202232 0.797518 0.202232 0.760284 0.202679 0.684752 0.203571 0.656383 0.204018 0.646809 0.204018 0.644681 0.222321 0.644681 0.232143 0.636170 0.240625 0.625177 0.248214 0.614184 0.258482 0.600000 0.258929 0.579433 0.267411 0.569149 0.270089 0.556383 0.275893 0.550355 0.283929 0.543262 0.288393 0.543262 0.296429 0.546454 0.303571 0.550709 0.314286 0.550355 0.320982 0.541135 0.326786 0.528014 0.329018 0.519504 0.329911 0.515248 0.334375 0.515957 0.344196 0.516312 0.353125 0.520213 0.357143 0.524113 0.362054 0.523759 0.367411 0.520567 0.373661
