0 0.490136 0.001105 0.490136 0.041464 0.490629 0.064437 0.489150 0.092378 0.488163 0.119077 0.484711 0.153226 0.478792 0.176820 0.468435 0.188618 0.455119 0.190480 0.426513 0.194206 0.363877 0.197931 0.354013 0.197931 0.359932 0.219663 0.362891 0.238911 0.362398 0.263747 0.368809 0.278648 0.368809 0.296655 0.368809 0.316523 0.368809 0.336392 0.377194 0.366196 0.379659 0.381097 0.379166 0.396620 0.386071 0.412763 0.399881 0.420835 0.420102 0.423319 0.459558 0.417730 0.488163 0.412142 0.516276 0.405312 0.535510 0.395999 0.553265 0.381097 0.565102 0.368058 0.573980 0.357503 0.574966 0.352536 0.586310 0.347569 0.594694 0.340118 0.598640 0.325216 0.601106 0.312177 0.608011 0.305347 0.617381 0.299138 0.625766 0.294171 0.627738 0.287341 0.627738 0.279269 0.631684 0.268714 0.642534 0.263126 0.656344 0.257538 0.660290 0.248845 0.665715 0.228355 0.667688 0.210970 0.667194 0.200415 0.541429 0.199794 0.534524 0.195448 0.515782 0.158814 0.512330 0.146396 0.512330 0.095482 0.510357 0.001105
1 0.494575 0.005452 0.493095 0.046431 0.490136 0.092378 0.487670 0.132736 0.484218 0.155089 0.480765 0.173095 0.477806 0.182409 0.471394 0.189859 0.459065 0.192343 0.439337 0.197310 0.424047 0.204140 0.416156 0.212212 0.397415 0.212212 0.387057 0.210970 0.372262 0.208486 0.362398 0.209107 0.359932 0.214075 0.370289 0.218421 0.383605 0.223388 0.396428 0.225872 0.412704 0.225872 0.423061 0.223388 0.433418 0.215316 0.448707 0.207245 0.461037 0.206003 0.471888 0.201657 0.484711 0.188618 0.492109 0.176200 0.495561 0.161919 0.498027 0.119697 0.500986 0.094861 0.501973 0.066921 0.504439 0.052019 0.506412 0.004831
1 0.507398 0.127769 0.507398 0.150122 0.507398 0.167507 0.513316 0.179304 0.521208 0.196689 0.524167 0.207245 0.525646 0.269956 0.532551 0.282995 0.545867 0.302243 0.568555 0.315903 0.588283 0.321491 0.607024 0.322112 0.616888 0.325216 0.620341 0.314040 0.603572 0.309694 0.587789 0.307831 0.569048 0.299759 0.549320 0.283616 0.541429 0.267472 0.536497 0.250708 0.536497 0.224009 0.535510 0.203519 0.534031 0.192343 0.516276 0.156952 0.513316 0.144534 0.513316 0.126527
2 0.380153 0.265609 0.355986 0.265609 0.342670 0.264368 0.342670 0.273060 0.362398 0.276786 0.374234 0.275544 0.382125 0.274302 0.392976 0.271818
2 0.604065 0.244499 0.605545 0.258780 0.613436 0.265609 0.626752 0.264989 0.641055 0.270577 0.653878 0.274302 0.662756 0.274923 0.661276 0.286720 0.646480 0.280511 0.634643 0.277407 0.624779 0.275544 0.609490 0.273681 0.601106 0.273060 0.599626 0.268714 0.599133 0.259400 0.597653 0.250708 0.596667 0.245741
2 0.408758 0.383581 0.422075 0.386064 0.427007 0.384202 0.414677 0.374888 0.393962 0.368058 0.379659 0.360607 0.368316 0.358745 0.367823 0.366196 0.380153 0.368679 0.389523 0.370542 0.395935 0.374888 0.402347 0.379235
3 0.379659 0.377372 0.382619 0.402208 0.391003 0.418351 0.404813 0.422698 0.418129 0.422077 0.443775 0.420835 0.461530 0.418351 0.478299 0.413384 0.499014 0.410901 0.517262 0.404692 0.535510 0.395378 0.552772 0.380476 0.565102 0.369300 0.572993 0.361228 0.573487 0.356261 0.567568 0.354398 0.555731 0.361849 0.549320 0.365575 0.528606 0.364333 0.515289 0.364954 0.500986 0.368679 0.486190 0.372405 0.478299 0.371784 0.476820 0.360607 0.469915 0.356261 0.445255 0.354398 0.430952 0.351915 0.403826 0.341360 0.388537 0.335151 0.376700 0.329562 0.371768 0.332667 0.372755 0.346327 0.375221 0.352536 0.386564 0.356261 0.402347 0.361849 0.412704 0.366817 0.423061 0.371784 0.431939 0.376130 0.435884 0.382339 0.435884 0.390411 0.428486 0.392894 0.421581 0.390411 0.406785 0.387306 0.398894 0.383581 0.390510 0.377993 0.386564 0.376751
3 0.530578 0.332667 0.530578 0.349431 0.535510 0.357503 0.544388 0.356882 0.553265 0.350673 0.563623 0.341980 0.573487 0.337013 0.577432 0.329562 0.574473 0.325216 0.560170 0.324595 0.548827 0.324595
3 0.576939 0.264989 0.569541 0.261263 0.562636 0.263747 0.560170 0.274302 0.563129 0.284857 0.570527 0.294171 0.583351 0.298517 0.595681 0.299759 0.608011 0.299138 0.623300 0.291066 0.624779 0.282995 0.620834 0.278028 0.608011 0.278028 0.595681 0.281132 0.587789 0.284857 0.582364 0.280511
4 0.375714 0.283616 0.372262 0.271818 0.366343 0.271818 0.360425 0.281132 0.360425 0.291066 0.361411 0.302243 0.365850 0.311556 0.372262 0.319007 0.377194 0.320870 0.384098 0.305347 0.378180 0.297896 0.377687 0.292929
4 0.378673 0.336392 0.367823 0.324595 0.364864 0.328321 0.364370 0.337634 0.364864 0.352536 0.367330 0.359366 0.375714 0.361228 0.381139 0.361228 0.381139 0.347569
4 0.387551 0.379855 0.373248 0.375509 0.374728 0.394757 0.378180 0.412763 0.388537 0.423939 0.400867 0.430149 0.416649 0.432632 0.446735 0.429528 0.475833 0.424560 0.512330 0.415247 0.531565 0.405312 0.551786 0.392273 0.565102 0.377993 0.575953 0.363712 0.585323 0.353778 0.572993 0.343843 0.564609 0.355640 0.555238 0.366817 0.542908 0.377993 0.529592 0.387927 0.511344 0.395999 0.483231 0.404071 0.461530 0.407175 0.431445 0.412142 0.410238 0.412142 0.396428 0.409659 0.391003 0.400345 0.386071 0.391653
4 0.602092 0.294792 0.602585 0.306589 0.608504 0.308452 0.617381 0.307210 0.627738 0.304105 0.635136 0.292308 0.635630 0.282374 0.635136 0.274923 0.621820 0.271818 0.619354 0.282995 0.617381 0.286720 0.610970 0.289204
4 0.631684 0.256296 0.636123 0.269956 0.648946 0.269335 0.660290 0.264989 0.684456 0.256917 0.705664 0.249466 0.741667 0.242015 0.768793 0.237048 0.797892 0.229597 0.836362 0.227734 0.878777 0.219663 0.903930 0.215937 0.938947 0.207245 0.954236 0.202277 0.944865 0.194206 0.905903 0.199173 0.884695 0.202277 0.840307 0.207245 0.809236 0.210970 0.787042 0.212833 0.759423 0.222146 0.741174 0.225251 0.710103 0.232702 0.682977 0.240152 0.665222 0.246362 0.647960 0.252571 0.640068 0.252571
4 0.360425 0.208486 0.360425 0.195448 0.307652 0.199173 0.244030 0.201036 0.174489 0.202898 0.117278 0.206624 0.051682 0.213454 0.009267 0.216558 0.001376 0.217800 0.001376 0.233323 0.021597 0.230839 0.057107 0.227114 0.101495 0.225251 0.149336 0.221525 0.210986 0.217179 0.236632 0.214075 0.271156 0.212212 0.315050 0.210349 0.344149 0.207245 0.351547 0.206624
