2 0.490582 0.002021 0.489763 0.066975 0.484849 0.123680 0.479935 0.165952 0.477479 0.179355 0.455367 0.182448 0.409505 0.189665 0.373471 0.190696 0.332523 0.193789 0.300583 0.195851 0.305497 0.221627 0.319419 0.252557 0.322695 0.269053 0.312868 0.291735 0.305549 0.321429 0.281389 0.341052 0.243256 0.360813 0.230152 0.378340 0.231790 0.389682 0.248170 0.393806 0.267006 0.405147 0.286661 0.421643 0.316143 0.425767 0.358729 0.437108 0.392307 0.444325 0.456186 0.445356 0.488944 0.444325 0.509418 0.452573 0.526616 0.464946 0.544633 0.475256 0.560194 0.477318 0.573297 0.474225 0.596228 0.475256 0.604417 0.470101 0.599504 0.455666 0.591314 0.450511 0.586400 0.442263 0.586400 0.434015 0.599504 0.395868 0.619978 0.355658 0.630624 0.337100 0.629805 0.319573 0.642090 0.307201 0.654374 0.291735 0.688770 0.284518 0.718253 0.290704 0.742003 0.291735 0.751830 0.290704 0.765753 0.277301 0.781313 0.276270 0.838640 0.256681 0.867304 0.245340 0.887778 0.233999 0.904157 0.215440 0.931183 0.199975 0.959846 0.193789 0.953183 0.187135 0.899015 0.190307 0.795088 0.193479 0.721395 0.190307 0.659039 0.191100 0.625027 0.185549 0.572119 0.176827 0.540626 0.167312 0.518581 0.148281 0.512912 0.130836 0.509133 0.080088 0.509763 0.002379
3 0.492127 0.003172 0.490867 0.077709 0.486458 0.114184 0.485198 0.138766 0.487718 0.167312 0.495276 0.185549 0.513542 0.199822 0.555742 0.206959 0.600462 0.210131 0.653370 0.210924 0.697460 0.213302 0.724544 0.216474 0.764225 0.225990 0.776193 0.237884 0.777452 0.256914 0.770922 0.289732 0.779433 0.291964 0.785011 0.259293 0.791939 0.271980 0.798238 0.277531 0.803546 0.281696 0.812411 0.282589 0.817021 0.275000 0.808865 0.272768 0.795088 0.252157 0.785011 0.230747 0.769894 0.213302 0.745330 0.203787 0.717616 0.193479 0.677935 0.191100 0.657150 0.191100 0.639513 0.187928 0.618098 0.185549 0.567710 0.187928 0.543775 0.187135 0.523620 0.185549 0.507873 0.179206 0.499685 0.159382 0.494646 0.134008 0.501575 0.105462 0.504724 0.076123 0.507873 0.004758
4 0.605501 0.260879 0.614319 0.252157 0.619358 0.260086 0.608021 0.283875 0.601722 0.315592 0.599203 0.337795 0.586605 0.357619 0.568340 0.382200 0.565190 0.393301 0.558262 0.421054 0.557092 0.435268 0.553546 0.449107 0.542199 0.455804 0.522695 0.457143 0.498582 0.467411 0.496809 0.445982 0.529288 0.438499 0.543775 0.419468 0.549444 0.394887 0.553223 0.377442 0.569599 0.358412 0.580937 0.350482 0.582196 0.330658 0.585976 0.311628 0.589755 0.293390 0.594794 0.281496 0.599203 0.271188
0 0.514172 0.421054 0.523620 0.425812 0.517951 0.435327 0.476380 0.441671 0.414654 0.441671 0.383791 0.442464 0.339071 0.429777 0.300020 0.420261 0.288053 0.419468 0.267897 0.402817 0.246482 0.390922 0.232625 0.390129 0.231366 0.378235 0.243333 0.367927 0.255300 0.363169 0.274826 0.373478 0.298131 0.388544 0.344110 0.392508 0.369305 0.405195 0.393869 0.417090 0.441108 0.421054 0.468192 0.425019 0.490867 0.425019 0.502834 0.424226
0 0.553223 0.467045 0.574008 0.457530 0.570229 0.444843 0.570859 0.432948 0.580307 0.431363 0.585976 0.440878 0.589755 0.451979 0.597313 0.459909 0.601092 0.472596 0.592904 0.474975 0.570859 0.474975 0.554483 0.474975
0 0.852405 0.222818 0.886418 0.214888 0.897755 0.219646 0.887048 0.233919 0.869412 0.243434 0.846107 0.252157 0.830990 0.256914 0.815244 0.252157 0.813354 0.246606 0.820283 0.238677 0.832880 0.237884 0.846737 0.231540
1 0.000838 0.192686 0.043668 0.194272 0.116732 0.194272 0.205541 0.193479 0.296871 0.193479 0.311358 0.195858 0.320805 0.226783 0.332143 0.264051 0.335922 0.275152 0.304940 0.285359 0.302022 0.273111 0.299103 0.259027 0.290834 0.241267 0.277214 0.223508 0.249002 0.211717 0.196723 0.211717 0.149484 0.214095 0.107284 0.210924 0.068232 0.208545 0.031701 0.210131 0.000838 0.215681
1 0.245223 0.378235 0.230736 0.362376 0.223178 0.377442 0.222548 0.396473 0.235145 0.403609 0.247541 0.415185 0.259702 0.424983 0.283644 0.434534 0.315137 0.439292 0.356077 0.450393 0.391979 0.459909 0.455595 0.459909 0.487718 0.454358 0.503464 0.448807 0.524879 0.447222 0.529288 0.435327 0.509133 0.429777 0.474491 0.432948 0.415284 0.431363 0.386941 0.430570 0.364896 0.425812 0.339071 0.416297 0.303169 0.409953 0.290572 0.407574 0.274196 0.393301 0.256560 0.384579
1 0.557632 0.467045 0.552593 0.489248 0.567080 0.491626 0.592274 0.489248 0.609910 0.486076 0.616209 0.474182 0.614949 0.457530 0.601092 0.439292 0.594164 0.429777 0.579047 0.433741 0.581567 0.445636 0.585346 0.458323 0.583456 0.464666 0.568969 0.464666
1 0.619358 0.333037 0.628806 0.359997 0.643011 0.354559 0.649335 0.331288 0.656632 0.317816 0.666360 0.307405 0.645182 0.283082 0.636364 0.296562 0.621248 0.310042 0.618728 0.319557
1 0.720135 0.281496 0.714467 0.298941 0.732029 0.308017 0.747219 0.302905 0.743440 0.282289 0.727694 0.282289
1 0.679195 0.270395 0.671006 0.285461 0.679007 0.300669 0.695546 0.299444 0.705649 0.288632 0.698720 0.271980 0.688642 0.273566
1 0.821542 0.244227 0.819653 0.268016 0.839808 0.270395 0.863113 0.260879 0.892086 0.245813 0.912242 0.226783 0.931768 0.215681 0.960741 0.206166 0.941215 0.189514 0.912872 0.195858 0.893976 0.208545 0.871931 0.225990 0.848626 0.237091 0.834140 0.242641
