2 0.489829 0.000588 0.489829 0.047760 0.490372 0.073739 0.488200 0.107922 0.486027 0.140054 0.480054 0.167400 0.473537 0.200216 0.404570 0.200900 0.402837 0.207143 0.401674 0.218730 0.399024 0.233411 0.393723 0.250761 0.377418 0.263796 0.366557 0.273367 0.363299 0.287041 0.363299 0.300714 0.361126 0.318489 0.357868 0.328744 0.366557 0.351304 0.383391 0.363610 0.419776 0.377967 0.447471 0.386855 0.470822 0.389589 0.483855 0.388222 0.492544 0.395059 0.508292 0.403946 0.520239 0.405313 0.531100 0.403262 0.535445 0.394375 0.538160 0.384804 0.542504 0.378651 0.553908 0.371814 0.559882 0.359508 0.567484 0.352672 0.578345 0.338315 0.582147 0.328060 0.584862 0.322591 0.595180 0.316438 0.603869 0.308918 0.610928 0.298663 0.619074 0.293194 0.622332 0.284306 0.624504 0.270633 0.627220 0.257643 0.640253 0.250123 0.645390 0.240625 0.650000 0.226339 0.650000 0.214286 0.649291 0.200000 0.537074 0.201583 0.524584 0.196114 0.518610 0.175604 0.511551 0.135269 0.512094 0.079892 0.511551 0.014261 0.509921 0.003323
3 0.494173 0.004690 0.493630 0.028618 0.493087 0.055964 0.490372 0.085362 0.488743 0.118861 0.485484 0.145523 0.482226 0.165349 0.482226 0.184492 0.482226 0.232348 0.480597 0.278153 0.481683 0.310969 0.482226 0.333529 0.483855 0.353355 0.482769 0.369080 0.478968 0.382753 0.468650 0.397793 0.452902 0.410783 0.431723 0.418303 0.439325 0.436078 0.464305 0.417619 0.481140 0.403946 0.493630 0.384804 0.496345 0.361559 0.495802 0.334897 0.495802 0.291143 0.496345 0.264480 0.497431 0.192012 0.497431 0.153044 0.497974 0.125014 0.501233 0.094249 0.503948 0.062801 0.506663 0.040924 0.507206 0.004690
4 0.415431 0.335580 0.383934 0.321907 0.371444 0.310969 0.359497 0.306183 0.357325 0.316438 0.372530 0.321907 0.380676 0.327376 0.396968 0.333529 0.408372 0.338315 0.414345 0.342417
4 0.526213 0.358141 0.527842 0.371130 0.538160 0.375916 0.552822 0.376600 0.563140 0.380702 0.564226 0.388222 0.554451 0.389589 0.537617 0.390273 0.528385 0.387538 0.522955 0.382069 0.518067 0.373181 0.518067 0.363610
4 0.560425 0.314387 0.568028 0.311652 0.577259 0.313703 0.583233 0.321223 0.586491 0.328744 0.594094 0.331478 0.599524 0.328744 0.600067 0.322591 0.591922 0.316438 0.586491 0.313020 0.581604 0.307550 0.576173 0.304132 0.568571 0.304132 0.560968 0.304132
4 0.598227 0.280357 0.607801 0.272321 0.619149 0.272321 0.634397 0.275000 0.647518 0.279911 0.650355 0.270982 0.636170 0.265179 0.618085 0.264732 0.609929 0.263393 0.604610 0.260714 0.604610 0.254911 0.599291 0.254464 0.598936 0.262946 0.598582 0.268304 0.596809 0.273661 0.595035 0.274107
0 0.374113 0.274107 0.394326 0.276786 0.414894 0.280357 0.442199 0.280357 0.451418 0.281696 0.463830 0.284375 0.470567 0.287946 0.470922 0.303125 0.466667 0.314732 0.453901 0.323661 0.432979 0.326339 0.412057 0.324107 0.397163 0.320536 0.377660 0.310268 0.369149 0.302232 0.366312 0.291518 0.366312 0.281250 0.368794 0.276339
0 0.364894 0.321429 0.377660 0.329464 0.393972 0.337054 0.408511 0.343304 0.433333 0.352679 0.451773 0.354911 0.472340 0.356250 0.478369 0.356250 0.478014 0.368304 0.475177 0.381696 0.471986 0.389286 0.449645 0.386161 0.427305 0.380357 0.406383 0.370536 0.385461 0.360714 0.373050 0.352232 0.364894 0.344196 0.360993 0.333036 0.362057 0.326786
0 0.513475 0.394643 0.520922 0.389732 0.527305 0.391071 0.530851 0.395536 0.529078 0.400446 0.523050 0.401786 0.517021 0.403125 0.512766 0.400000
0 0.529078 0.369643 0.541844 0.373661 0.552128 0.370089 0.557092 0.361161 0.561348 0.355357 0.568794 0.348214 0.574823 0.341071 0.579078 0.329911 0.578723 0.322768 0.573050 0.315179 0.563830 0.321429 0.554965 0.331696 0.548936 0.332589 0.546809 0.325893 0.536170 0.325446 0.527305 0.330804 0.523404 0.336607 0.524468 0.342411 0.527305 0.347768 0.532270 0.353125 0.532979 0.355804 0.527660 0.361161 0.526950 0.365625
0 0.588652 0.314286 0.601773 0.311607 0.607092 0.303125 0.615248 0.295536 0.620567 0.291518 0.621631 0.282589 0.619858 0.276786 0.613121 0.274107 0.606738 0.275446 0.598227 0.281250 0.594681 0.284375 0.590426 0.287946 0.587234 0.293304 0.585106 0.300446 0.585461 0.309375
0 0.582624 0.276786 0.591135 0.275893 0.595745 0.270536 0.597163 0.259375 0.597163 0.245089 0.592908 0.242857 0.584397 0.249107 0.582270 0.257143 0.581560 0.266071 0.581560 0.270089
0 0.582979 0.284821 0.585106 0.287946 0.584752 0.296429 0.581206 0.299107 0.572340 0.300893 0.564539 0.300000 0.559574 0.294643 0.559574 0.284821 0.558865 0.274107 0.562766 0.266071 0.567730 0.262946 0.574468 0.262500 0.575887 0.267411 0.575887 0.279464 0.576596 0.283482
1 0.376596 0.277679 0.371631 0.263839 0.364894 0.269643 0.362766 0.278571 0.360638 0.290625 0.359929 0.300000 0.360638 0.304018 0.363830 0.307589 0.366667 0.307589 0.371277 0.306250 0.371277 0.299107 0.371277 0.292411 0.372695 0.285714
1 0.365248 0.324554 0.357092 0.316518 0.353546 0.323661 0.357092 0.339286 0.362057 0.351339 0.369504 0.360268 0.379433 0.366964 0.400000 0.374554 0.419504 0.381250 0.439362 0.388393 0.447518 0.390179 0.460638 0.391964 0.470567 0.392411 0.474468 0.391964 0.480496 0.386607 0.472695 0.378571 0.465603 0.381250 0.452837 0.378571 0.433333 0.374554 0.420213 0.370089 0.407801 0.362054 0.396454 0.356250 0.385816 0.351786 0.376950 0.349554 0.372340 0.341518 0.369149 0.335714 0.369858 0.329464
1 0.513830 0.396429 0.509220 0.395536 0.507447 0.408929 0.515957 0.412054 0.524113 0.410268 0.535816 0.407589 0.539716 0.402232 0.540071 0.397321 0.536879 0.392411 0.534397 0.391964 0.529433 0.392857 0.526596 0.395982 0.524113 0.397321 0.519504 0.397321
1 0.533688 0.366518 0.531560 0.376339 0.540426 0.378571 0.551418 0.378571 0.559929 0.376786 0.562411 0.368750 0.564894 0.365179 0.571631 0.357143 0.576596 0.350893 0.582979 0.341964 0.586879 0.333929 0.587234 0.328125 0.585461 0.323661 0.573759 0.322768 0.573759 0.329911 0.568085 0.339286 0.562766 0.346875 0.557447 0.350893 0.552128 0.355357 0.550709 0.361161 0.546809 0.363839 0.542199 0.363839
1 0.588652 0.307143 0.588298 0.319643 0.595390 0.320536 0.601773 0.317857 0.609220 0.311161 0.612766 0.304911 0.616312 0.303125 0.620567 0.298214 0.623404 0.295982 0.627305 0.288393 0.626241 0.279911 0.624823 0.276786 0.617021 0.277679 0.614894 0.283482 0.613121 0.286161 0.610638 0.289732 0.606738 0.290625 0.604610 0.294643 0.601418 0.300000 0.598936 0.302232 0.595745 0.304464
1 0.619858 0.249107 0.620922 0.262054 0.637234 0.260268 0.649645 0.257143 0.665248 0.254464 0.686525 0.249554 0.701773 0.245536 0.716667 0.240179 0.729787 0.238393 0.740780 0.237946 0.752482 0.236161 0.767376 0.233036 0.783333 0.230357 0.800355 0.226786 0.833333 0.224554 0.860993 0.220982 0.880496 0.219196 0.905319 0.214732 0.925177 0.211607 0.941844 0.207143 0.954965 0.205804 0.959929 0.200446 0.955319 0.195536 0.936170 0.196875 0.921277 0.197321 0.900355 0.200446 0.883333 0.203125 0.867021 0.206250 0.824113 0.209375 0.801418 0.211161 0.780851 0.215179 0.764539 0.216071 0.750355 0.219643 0.734043 0.221429 0.713475 0.223214 0.700709 0.228125 0.685106 0.233929 0.666312 0.238839 0.655674 0.241071 0.635816 0.244196 0.627305 0.247768
1 0.408865 0.213393 0.411348 0.200000 0.375532 0.200446 0.344681 0.200893 0.309574 0.201786 0.280851 0.201786 0.235106 0.201786 0.169504 0.204018 0.137234 0.206250 0.087589 0.208929 0.062057 0.209821 0.026241 0.212054 0.000709 0.216518 0.000709 0.233929 0.010993 0.230357 0.025532 0.227232 0.048582 0.225000 0.079078 0.224554 0.118440 0.221429 0.152482 0.221875 0.195745 0.218750 0.233688 0.215179 0.269858 0.212946 0.297518 0.212946 0.308865 0.214286 0.321277 0.214732 0.341135 0.214732 0.351418 0.214732 0.364539 0.213839 0.375887 0.213393 0.385816 0.213839
