2 0.485598 0.001189 0.486071 0.098678 0.483237 0.129589 0.478988 0.153961 0.470016 0.174173 0.451601 0.185467 0.439797 0.185467 0.164514 0.186061 0.176790 0.237778 0.193317 0.270473 0.202288 0.299601 0.220231 0.306139 0.243840 0.309112 0.275949 0.316839 0.291059 0.331701 0.305696 0.351317 0.312779 0.375690 0.324584 0.404223 0.342999 0.421462 0.378413 0.447617 0.428936 0.462479 0.478516 0.474368 0.516290 0.479718 0.559731 0.476745 0.587590 0.471990 0.612144 0.464262 0.633392 0.445240 0.654168 0.424434 0.679666 0.392334 0.690054 0.372123 0.701859 0.352506 0.720274 0.333484 0.731606 0.327539 0.757576 0.317434 0.785907 0.317434 0.796295 0.312678 0.801961 0.306139 0.809989 0.294845 0.811405 0.275228 0.806211 0.257395 0.800545 0.238373 0.795351 0.225889 0.794407 0.211623 0.795351 0.190223 0.656529 0.188439 0.608366 0.184873 0.570119 0.184278 0.546038 0.180117 0.528567 0.172389 0.518179 0.149206 0.513929 0.130184 0.511568 0.097489 0.511568 0.003567
3 0.490320 0.003567 0.491265 0.054689 0.490320 0.089167 0.487487 0.124834 0.483237 0.155150 0.476155 0.174767 0.461989 0.186656 0.433186 0.197950 0.417604 0.207461 0.404383 0.235400 0.396356 0.261556 0.385023 0.284739 0.372747 0.300195 0.347249 0.305545 0.319390 0.310895 0.297669 0.312678 0.301447 0.342401 0.329778 0.336456 0.351498 0.331701 0.380301 0.321595 0.398244 0.303762 0.411938 0.270473 0.420909 0.234806 0.430825 0.220539 0.440741 0.216973 0.467183 0.205084 0.478988 0.196761 0.491265 0.183089 0.495986 0.164067 0.498820 0.127806 0.500708 0.089167 0.503541 0.029128 0.504486 0.004161
0 0.199927 0.262745 0.207954 0.273445 0.215509 0.277012 0.224009 0.275228 0.231564 0.268689 0.239591 0.271662 0.241007 0.281173 0.236285 0.291278 0.228730 0.301384 0.222120 0.304951 0.208427 0.303762 0.200872 0.297817 0.196150 0.285928 0.196150 0.281173 0.196622 0.271067
0 0.309946 0.358451 0.320806 0.397684 0.330722 0.408979 0.350554 0.428001 0.369913 0.439890 0.393050 0.452373 0.427520 0.460695 0.476155 0.473773 0.516290 0.479123 0.559259 0.477934 0.589951 0.472584 0.612616 0.464856 0.636225 0.445834 0.655112 0.425623 0.680610 0.392928 0.681555 0.378662 0.678722 0.370934 0.668806 0.375690 0.658418 0.384012 0.643780 0.393523 0.629614 0.409573 0.620171 0.423840 0.613560 0.439295 0.606005 0.439295 0.592312 0.436917 0.572008 0.439890 0.564453 0.445240 0.555954 0.452967 0.537066 0.457723 0.522429 0.457723 0.500708 0.451184 0.473322 0.441079 0.446407 0.431567 0.424215 0.422651 0.401550 0.413734 0.386440 0.404223 0.375580 0.391740 0.355276 0.372123 0.339221 0.360234 0.324584 0.353695 0.317501 0.355478
0 0.634808 0.344184 0.645196 0.340617 0.660779 0.334078 0.676361 0.329323 0.682027 0.331701 0.682027 0.341806 0.674944 0.351317 0.665500 0.355478 0.653224 0.355478 0.640947 0.358451 0.630087 0.359640 0.624893 0.354290 0.628670 0.348345
0 0.743883 0.290089 0.748605 0.316245 0.770797 0.317434 0.790157 0.317434 0.801017 0.309112 0.809516 0.299601 0.812822 0.290684 0.812822 0.274634 0.808100 0.270473 0.803378 0.279389 0.792518 0.292467 0.783074 0.297223 0.769381 0.301978 0.761826 0.300789 0.753799 0.291873 0.750021 0.281767
1 0.000194 0.196761 0.015303 0.195573 0.055439 0.195573 0.079520 0.197356 0.089436 0.191411 0.097463 0.194978 0.120600 0.193789 0.164041 0.196167 0.195678 0.199139 0.194733 0.219945 0.171124 0.220539 0.156486 0.216973 0.137127 0.211623 0.120128 0.209839 0.107851 0.209245 0.096047 0.209245 0.084714 0.211028 0.073382 0.212811 0.057800 0.212811 0.034191 0.212811 0.009637 0.212217 0.001138 0.214595
1 0.202288 0.272256 0.187178 0.266906 0.189067 0.283551 0.190956 0.297223 0.198511 0.307923 0.208899 0.312678 0.218815 0.315651 0.229203 0.315056 0.234869 0.311489 0.243368 0.299601 0.246673 0.293656 0.232980 0.286523 0.223536 0.292467 0.214093 0.293062 0.205593 0.290684 0.205121 0.285334
1 0.319390 0.361423 0.301447 0.360234 0.307113 0.389362 0.319390 0.412545 0.338749 0.428595 0.365664 0.449995 0.375580 0.457723 0.411938 0.468423 0.431769 0.474368 0.475210 0.483879 0.515818 0.488634 0.561148 0.486256 0.589951 0.482690 0.617338 0.473179 0.641419 0.451779 0.660306 0.431567 0.687693 0.394117 0.688637 0.382823 0.676361 0.382823 0.668806 0.391740 0.657945 0.405412 0.646613 0.419084 0.629614 0.435729 0.609311 0.454156 0.587590 0.460695 0.558315 0.464856 0.517235 0.468423 0.480404 0.463667 0.430353 0.452373 0.393995 0.441079 0.372274 0.429784 0.355276 0.418490 0.335444 0.403034 0.328361 0.391145 0.322695 0.373312
1 0.751910 0.303762 0.740578 0.316839 0.745772 0.326945 0.758521 0.326945 0.772686 0.328134 0.792990 0.328134 0.804322 0.323973 0.814238 0.311489 0.818488 0.301978 0.820377 0.284145 0.818960 0.270473 0.806683 0.279389 0.804322 0.290089 0.795351 0.300789 0.783074 0.308517 0.768909 0.308517 0.760881 0.308517
1 0.784018 0.204489 0.789212 0.222323 0.809516 0.216973 0.840681 0.216973 0.862873 0.216973 0.885538 0.216378 0.913397 0.216378 0.938423 0.216973 0.970531 0.215784 0.983280 0.215189 0.996454 0.215189 0.996454 0.194384 0.978086 0.192006 0.960615 0.192600 0.947394 0.194978 0.924257 0.194978 0.906786 0.195573 0.879400 0.196761 0.851069 0.196761 0.826515 0.196761 0.808100 0.197356 0.795823 0.198545
