0 0.486916 0.003408 0.487819 0.052254 0.486014 0.110187 0.481503 0.147674 0.476991 0.176072 0.437289 0.186296 0.360592 0.188568 0.303746 0.187432 0.332621 0.206743 0.342546 0.240822 0.340741 0.262405 0.322695 0.290803 0.283895 0.306707 0.231561 0.346465 0.261338 0.396447 0.285700 0.414622 0.330816 0.420302 0.369615 0.431661 0.412927 0.431661 0.445410 0.431661 0.480600 0.429389 0.522107 0.450972 0.550981 0.457788 0.578050 0.455516 0.589780 0.449836 0.587976 0.418030 0.590683 0.394175 0.599706 0.379407 0.610534 0.368048 0.629482 0.337377 0.707081 0.290803 0.788290 0.251045 0.818066 0.232870 0.856866 0.232870 0.881228 0.227190 0.902884 0.214695 0.937172 0.196519 0.972362 0.186296 0.828894 0.186296 0.683621 0.186296 0.637603 0.180616 0.598804 0.178344 0.564516 0.174936 0.529325 0.162441 0.516693 0.145402 0.514888 0.119275 0.513986 0.004544
1 0.489264 0.002209 0.489877 0.061681 0.486809 0.113430 0.486196 0.152821 0.487423 0.178309 0.503374 0.198390 0.558590 0.213065 0.625463 0.214610 0.688655 0.218472 0.730374 0.220789 0.767184 0.228513 0.794793 0.243188 0.803382 0.258635 0.811971 0.251684 0.807063 0.230830 0.796020 0.218472 0.765344 0.199935 0.737122 0.192984 0.696631 0.189894 0.667182 0.186805 0.633439 0.182943 0.601536 0.182171 0.561044 0.182171 0.531596 0.182171 0.508896 0.174447 0.497239 0.155910 0.495399 0.129650 0.498466 0.102617 0.502147 0.069405 0.502147 0.024608 0.506442 0.004526
4 0.492331 0.431645 0.518099 0.427011 0.537117 0.428556 0.546320 0.408474 0.551228 0.390710 0.567180 0.362132 0.580063 0.349774 0.587425 0.314246 0.600309 0.279489 0.618101 0.260952 0.621782 0.266359 0.605831 0.293392 0.602150 0.322742 0.601536 0.341278 0.588652 0.357498 0.580063 0.369856 0.564112 0.392255 0.558590 0.416970 0.557363 0.433963 0.542639 0.437824 0.511350 0.443231
3 0.000580 0.189107 0.037724 0.188377 0.283804 0.188377 0.322689 0.187646 0.345324 0.194953 0.352288 0.228563 0.357512 0.257058 0.362735 0.273132 0.341261 0.274594 0.333716 0.257058 0.330815 0.235139 0.325591 0.219795 0.313403 0.208104 0.295412 0.207374 0.221704 0.208104 0.185140 0.210296 0.134647 0.213219 0.119558 0.207374 0.000000 0.209566
3 0.241437 0.349851 0.223445 0.341814 0.228088 0.361541 0.242017 0.384192 0.254785 0.406842 0.283224 0.426569 0.327332 0.432415 0.366798 0.444105 0.414389 0.444836 0.448051 0.444105 0.482873 0.439721 0.505508 0.434607 0.498543 0.417071 0.471266 0.418532 0.441666 0.420724 0.412067 0.420724 0.372602 0.420724 0.344163 0.409034 0.322109 0.407572 0.294831 0.403189 0.278000 0.396613 0.258267 0.375424 0.247821 0.356427
3 0.524080 0.443374 0.545554 0.447028 0.560063 0.446297 0.575733 0.444105 0.580376 0.435337 0.579796 0.420724 0.580376 0.409764 0.596046 0.409034 0.597788 0.428031 0.600109 0.452142 0.597788 0.461641 0.570510 0.467486 0.548456 0.467486 0.518276 0.459449
3 0.589082 0.370309 0.590243 0.385653 0.599529 0.387845 0.609395 0.380538 0.618101 0.373232 0.622744 0.361541 0.608234 0.356427 0.601850 0.363733 0.596627 0.368848
3 0.811366 0.219064 0.807303 0.231485 0.820072 0.240253 0.842126 0.242445 0.881592 0.239522 0.901905 0.230024 0.923379 0.215411 0.938469 0.208835 0.961684 0.200798 0.976193 0.195683 0.970970 0.182532 0.936147 0.183993 0.910030 0.193491 0.884494 0.210296 0.862439 0.221256 0.839805 0.221256 0.820072 0.219795
2 0.885654 0.197875 0.866502 0.210296 0.847349 0.214680 0.833420 0.217603 0.807303 0.211758 0.806723 0.221987 0.825875 0.232947 0.869404 0.230024 0.896101 0.217603 0.921638 0.200798 0.938469 0.195683 0.918736 0.191299
2 0.607074 0.353504 0.596627 0.358619 0.583278 0.365925 0.583278 0.373232 0.593725 0.375424 0.605332 0.375424 0.611717 0.367387 0.612877 0.362272
2 0.573412 0.415610 0.580957 0.406111 0.587921 0.412687 0.587921 0.436799 0.587341 0.449950 0.574573 0.454334 0.553099 0.455796 0.533366 0.455065 0.520598 0.449220 0.513633 0.444836 0.537428 0.438991 0.557742 0.439721 0.570510 0.436068 0.572831 0.428031
2 0.515955 0.408303 0.499704 0.405381 0.456176 0.409034 0.392915 0.402458 0.347645 0.392959 0.318627 0.389306 0.295992 0.385653 0.243758 0.346198 0.236794 0.344736 0.249562 0.373962 0.264071 0.398805 0.287867 0.414879 0.319207 0.414148 0.351708 0.423647 0.392915 0.433145 0.440506 0.432415 0.482873 0.429492 0.495061 0.425108 0.511892 0.422186 0.515955 0.418532
