2 0.489643 0.000484 0.490629 0.029667 0.490629 0.070025 0.488163 0.115972 0.486684 0.148880 0.475340 0.199794 0.400355 0.200446 0.398227 0.225893 0.394681 0.250000 0.381139 0.268714 0.369302 0.274302 0.365850 0.292929 0.371275 0.307210 0.381632 0.320249 0.398894 0.340739 0.406785 0.359987 0.413690 0.373646 0.464983 0.391653 0.498027 0.391653 0.507398 0.388548 0.517755 0.379855 0.527619 0.364954 0.536004 0.358745 0.546854 0.353157 0.551293 0.344464 0.565595 0.331425 0.579405 0.327700 0.584830 0.320249 0.583844 0.307210 0.586310 0.292308 0.592721 0.282374 0.601599 0.274302 0.616395 0.266851 0.630204 0.256917 0.650000 0.245089 0.660284 0.231696 0.663475 0.216964 0.663475 0.199554 0.535017 0.198552 0.525646 0.193585 0.520221 0.175579 0.512823 0.145154 0.510357 0.071267 0.509371 0.025320 0.510850 0.002968
3 0.493095 0.003589 0.493588 0.037738 0.494082 0.083685 0.494575 0.115972 0.501480 0.156331 0.506905 0.191101 0.513810 0.217179 0.516276 0.243257 0.519235 0.259400 0.525646 0.271818 0.536497 0.288583 0.545374 0.302864 0.553265 0.316523 0.557704 0.337634 0.558197 0.358745 0.565102 0.361228 0.565595 0.335151 0.561650 0.310314 0.550799 0.289204 0.537976 0.271198 0.530085 0.256296 0.525153 0.236427 0.520714 0.199794 0.514796 0.173095 0.508878 0.124665 0.505918 0.092999 0.505918 0.050777 0.505425 0.004831
3 0.487670 0.151364 0.477313 0.194827 0.476326 0.211591 0.478299 0.243257 0.480765 0.279890 0.480765 0.296655 0.479286 0.315282 0.472381 0.328941 0.453639 0.333909 0.452653 0.342601 0.465969 0.341360 0.479286 0.333909 0.489643 0.323353 0.498027 0.329562 0.506412 0.337013 0.507398 0.351915 0.510357 0.375509 0.511837 0.392894 0.517755 0.392894 0.520221 0.362470 0.517755 0.337013 0.512330 0.323353 0.501480 0.312177 0.495068 0.305968 0.491616 0.293550 0.488656 0.258780 0.486190 0.216558 0.485697 0.198552 0.486190 0.183650 0.490629 0.165644 0.492602 0.154468 0.491122 0.133357
4 0.608011 0.238911 0.610477 0.256296 0.609490 0.269335 0.609490 0.278028 0.617875 0.278028 0.617875 0.263126 0.617875 0.246362 0.618861 0.235806
4 0.579078 0.260268 0.576950 0.269196 0.576596 0.283036 0.580851 0.289732 0.586879 0.291518 0.589716 0.291518 0.590071 0.282143 0.584397 0.279018 0.583688 0.274554 0.583333 0.267411 0.583333 0.261607
0 0.472340 0.287054 0.456738 0.281250 0.434043 0.280357 0.396809 0.279464 0.388652 0.277679 0.378014 0.276339 0.370567 0.278571 0.369504 0.291071 0.370922 0.302679 0.375532 0.314732 0.384752 0.320536 0.398582 0.324554 0.437234 0.325893 0.460993 0.324554 0.467730 0.321429 0.475177 0.309375 0.476241 0.299107 0.474468 0.292857
0 0.411702 0.366071 0.426596 0.368750 0.448227 0.372768 0.470567 0.372321 0.491135 0.367857 0.501418 0.361161 0.506738 0.364732 0.508511 0.383929 0.505674 0.390179 0.491489 0.390179 0.463121 0.391071 0.439716 0.386161 0.426596 0.381696 0.415248 0.375893
0 0.520922 0.339732 0.531560 0.333929 0.539716 0.328571 0.545035 0.329464 0.551773 0.336161 0.551064 0.346429 0.547518 0.351786 0.534043 0.358929 0.526596 0.364286 0.523050 0.362054
0 0.560638 0.281250 0.563475 0.300893 0.569149 0.306250 0.577305 0.299107 0.577305 0.291071 0.574113 0.277232 0.573759 0.266518 0.567730 0.264732 0.563121 0.269643
0 0.587943 0.261607 0.595390 0.247321 0.601773 0.246429 0.605674 0.256696 0.602482 0.268304 0.598936 0.277679 0.593262 0.279464 0.589007 0.274554
1 0.378723 0.282589 0.370213 0.266071 0.362766 0.276786 0.359929 0.293750 0.363121 0.305804 0.368440 0.317411 0.377305 0.326339 0.384397 0.331696 0.392553 0.312946 0.382624 0.308036 0.378723 0.299554 0.377660 0.293750
1 0.411702 0.364286 0.404255 0.371875 0.409220 0.381250 0.423050 0.389286 0.442199 0.393750 0.457447 0.397321 0.469858 0.400000 0.487589 0.400446 0.498227 0.400446 0.508511 0.396875 0.512411 0.395089 0.503901 0.379464 0.492908 0.382143 0.479078 0.382589 0.462766 0.383036 0.443617 0.379018 0.430851 0.376339 0.421986 0.371875
1 0.526950 0.353125 0.521986 0.357143 0.521986 0.365625 0.524823 0.372321 0.529078 0.372321 0.535106 0.368304 0.544326 0.362946 0.549645 0.361161 0.555319 0.354464 0.556738 0.345982 0.547163 0.341071 0.542553 0.346429 0.536170 0.349107
1 0.565957 0.296875 0.577660 0.289732 0.584752 0.297321 0.582270 0.304018 0.574468 0.310714 0.568794 0.314732 0.565603 0.312500 0.564184 0.308482
1 0.588652 0.274554 0.594681 0.289286 0.601418 0.286161 0.606383 0.282589 0.608156 0.277679 0.607092 0.271429 0.601773 0.263839 0.598582 0.266518 0.594681 0.270982
1 0.621986 0.250446 0.634397 0.248214 0.643262 0.243750 0.656383 0.234375 0.668440 0.231250 0.689007 0.225893 0.711702 0.221429 0.735816 0.217857 0.770567 0.213393 0.791135 0.212054 0.839362 0.208036 0.883688 0.204464 0.915957 0.200446 0.940780 0.199107 0.959574 0.198661 0.959574 0.206696 0.939007 0.210714 0.911348 0.213393 0.884043 0.216518 0.860993 0.219196 0.821277 0.223214 0.792908 0.226786 0.772695 0.226786 0.753191 0.229464 0.722340 0.233036 0.704965 0.235714 0.691489 0.239732 0.679078 0.242857 0.672340 0.245982 0.664894 0.252232 0.655319 0.258036 0.642553 0.260714 0.629078 0.264286 0.623759 0.265625
1 0.404965 0.214732 0.405319 0.200893 0.360993 0.202232 0.312057 0.204018 0.275887 0.202232 0.242199 0.202679 0.193617 0.204464 0.119504 0.206696 0.033688 0.207589 0.000355 0.209375 0.000709 0.224554 0.018440 0.222321 0.047163 0.220982 0.087589 0.221429 0.126950 0.220089 0.178723 0.220536 0.225887 0.216964 0.279787 0.215625 0.324468 0.215625 0.365957 0.215625 0.380851 0.215625
