2 0.489829 0.001955 0.489829 0.049811 0.489829 0.103820 0.487657 0.133218 0.476796 0.196114 0.408865 0.197768 0.407447 0.223214 0.401064 0.243304 0.388652 0.261161 0.373617 0.272684 0.364928 0.283622 0.364385 0.302765 0.380676 0.323958 0.418146 0.328060 0.446928 0.328060 0.472994 0.331478 0.485484 0.330795 0.496345 0.338315 0.507206 0.347202 0.516981 0.360876 0.525127 0.366345 0.537074 0.364978 0.545763 0.355406 0.556624 0.348570 0.558253 0.345151 0.564769 0.333529 0.566941 0.325325 0.569657 0.315754 0.577802 0.310969 0.580518 0.306183 0.587034 0.295244 0.591379 0.290459 0.600067 0.281571 0.608213 0.276786 0.617445 0.274735 0.633193 0.265164 0.649291 0.257143 0.657801 0.251786 0.665957 0.241071 0.668085 0.226339 0.668440 0.214286 0.668440 0.205804 0.667730 0.200000 0.531206 0.200000 0.515603 0.161607 0.513121 0.141071 0.510638 0.068304 0.509220 0.028125 0.510638 0.002232
3 0.491844 0.006696 0.493262 0.045536 0.495035 0.101339 0.497872 0.141964 0.500000 0.167411 0.501773 0.185268 0.503901 0.208036 0.505319 0.241071 0.503191 0.262946 0.503901 0.281696 0.499645 0.301786 0.494681 0.325446 0.488298 0.346875 0.486879 0.360268 0.495745 0.360714 0.498582 0.353125 0.505674 0.332143 0.512057 0.307143 0.514894 0.291964 0.517376 0.258929 0.518085 0.228571 0.515603 0.205804 0.514184 0.168750 0.509220 0.149107 0.506738 0.106696 0.506383 0.078125 0.503901 0.051786 0.504610 0.016071 0.504255 0.005804
4 0.552482 0.283036 0.554255 0.299107 0.554255 0.316964 0.554965 0.327679 0.562411 0.336607 0.570922 0.344643 0.577660 0.338839 0.567021 0.323661 0.561702 0.311161 0.560284 0.295536 0.556738 0.282589
4 0.580496 0.259821 0.579433 0.273214 0.580851 0.284375 0.585106 0.294643 0.591844 0.298661 0.594326 0.288393 0.587943 0.282589 0.585816 0.274107 0.586879 0.263839 0.586879 0.259821
4 0.608156 0.252679 0.618085 0.260268 0.620922 0.268304 0.621277 0.276786 0.624823 0.285714 0.630142 0.285268 0.631206 0.275446 0.626596 0.262500 0.623404 0.255357 0.621631 0.248661 0.620567 0.245536 0.613830 0.249107
0 0.379787 0.274554 0.367021 0.283036 0.365248 0.297768 0.368794 0.313393 0.379433 0.320089 0.397163 0.323214 0.432270 0.327232 0.455674 0.326786 0.476241 0.326339 0.487943 0.329018 0.490780 0.313839 0.491844 0.296875 0.491135 0.286161 0.474823 0.281696 0.451773 0.279911 0.436525 0.280804 0.423404 0.283482 0.413475 0.283482 0.402128 0.281250 0.390780 0.276786
0 0.523404 0.351786 0.536525 0.341518 0.548227 0.333482 0.554965 0.333482 0.557801 0.340625 0.552482 0.350893 0.542908 0.359375 0.533333 0.363839 0.525177 0.362500 0.520567 0.360268 0.520567 0.356250
0 0.591135 0.270982 0.600000 0.261161 0.606738 0.258036 0.613830 0.260268 0.618794 0.263839 0.618794 0.271429 0.609220 0.275446 0.601064 0.278125 0.592553 0.278125 0.591135 0.276339
0 0.628369 0.247768 0.638298 0.240179 0.645745 0.236161 0.654965 0.235268 0.657447 0.245089 0.653546 0.252679 0.645745 0.258482 0.634752 0.262054 0.628369 0.262054 0.625887 0.255357
0 0.564894 0.295536 0.559574 0.286607 0.560638 0.275446 0.565248 0.267857 0.571631 0.265179 0.577305 0.266518 0.578723 0.275893 0.577305 0.285714 0.576950 0.291964 0.580851 0.300446 0.578014 0.308036 0.572340 0.314732 0.564894 0.310268 0.561702 0.306250
1 0.380851 0.283036 0.371631 0.268750 0.359574 0.280357 0.358156 0.295536 0.358865 0.310268 0.366667 0.324554 0.376950 0.330804 0.389007 0.334821 0.402128 0.335268 0.414184 0.337054 0.425532 0.337500 0.440780 0.337500 0.451064 0.337500 0.464894 0.338393 0.475532 0.339732 0.484397 0.341518 0.489007 0.322768 0.473759 0.318750 0.460638 0.319643 0.443262 0.319643 0.411702 0.318304 0.393262 0.313839 0.379078 0.310714 0.373050 0.302679 0.372340 0.291518 0.373759 0.287500
1 0.526241 0.356696 0.518794 0.362946 0.516667 0.370982 0.525532 0.375000 0.539716 0.372321 0.549645 0.364286 0.557801 0.356696 0.565248 0.345536 0.560993 0.339732 0.554610 0.337500 0.549291 0.341964 0.544681 0.347768 0.535816 0.352232
1 0.569504 0.304464 0.563121 0.318750 0.567021 0.325446 0.572695 0.326786 0.581915 0.322321 0.586879 0.315179 0.589716 0.305804 0.589716 0.299554 0.583688 0.293304 0.574113 0.299107
1 0.595390 0.273214 0.601773 0.269196 0.609220 0.267857 0.617021 0.267411 0.623404 0.269643 0.624113 0.279464 0.618085 0.283036 0.610284 0.284821 0.603546 0.288393 0.599645 0.288839 0.596099 0.282143
1 0.632979 0.254018 0.630496 0.260268 0.634397 0.267411 0.636525 0.272768 0.643262 0.269196 0.650709 0.265625 0.658865 0.260268 0.665957 0.252232 0.674468 0.245982 0.683688 0.240179 0.698936 0.237054 0.721631 0.233036 0.740071 0.232143 0.778369 0.227232 0.814184 0.227679 0.847518 0.225000 0.889362 0.221875 0.920567 0.218750 0.945745 0.214732 0.971986 0.208036 0.989362 0.207143 0.996454 0.207549 0.996454 0.199107 0.970922 0.197321 0.944326 0.196875 0.904610 0.201339 0.880496 0.203571 0.859574 0.205357 0.830851 0.207589 0.816667 0.208929 0.795035 0.211607 0.772340 0.211607 0.757092 0.211607 0.736170 0.213393 0.714184 0.214732 0.691135 0.219643 0.676241 0.222321 0.666312 0.225446 0.657447 0.227679 0.650000 0.234821 0.648227 0.245536 0.640780 0.249554
1 0.409574 0.212500 0.388298 0.216518 0.373050 0.215625 0.347872 0.216964 0.320922 0.217857 0.294326 0.216964 0.275887 0.216964 0.248582 0.218750 0.223050 0.220089 0.161702 0.221875 0.109574 0.225000 0.066312 0.223214 0.001064 0.222768 0.001064 0.208482 0.018794 0.208036 0.063830 0.208929 0.087589 0.208036 0.134043 0.207589 0.173050 0.204018 0.219149 0.203125 0.259574 0.202679 0.286525 0.201339 0.311348 0.200446 0.338652 0.201786 0.367730 0.201786 0.383688 0.201786 0.411702 0.200893
