0 0.488918 0.001744 0.488918 0.045922 0.488918 0.071498 0.487995 0.109863 0.486610 0.137184 0.481531 0.159273 0.475528 0.179618 0.469064 0.191825 0.434896 0.198219 0.361019 0.199963 0.365636 0.226121 0.368406 0.262742 0.367483 0.279018 0.367021 0.295294 0.365174 0.321452 0.365174 0.337728 0.370253 0.348772 0.385952 0.374349 0.397496 0.386556 0.403498 0.396438 0.413830 0.416071 0.426950 0.424554 0.450709 0.427679 0.485106 0.425000 0.506738 0.421875 0.520922 0.415179 0.530851 0.403571 0.540426 0.386607 0.546099 0.378571 0.560993 0.361161 0.571986 0.348661 0.573404 0.337500 0.582270 0.324107 0.593972 0.311607 0.606028 0.304464 0.616312 0.297768 0.622695 0.290625 0.626596 0.270536 0.633688 0.258929 0.652128 0.254018 0.664539 0.241964 0.669858 0.228125 0.673759 0.215179 0.675177 0.207589 0.675887 0.200446 0.625887 0.200893 0.570213 0.201786 0.538652 0.201339 0.530851 0.200446 0.519504 0.167857 0.514184 0.143750 0.512057 0.081696 0.511702 0.008482 0.510284 0.001786
1 0.492908 0.004464 0.493617 0.020982 0.493262 0.044196 0.492908 0.063839 0.489716 0.093304 0.487943 0.132143 0.485461 0.151786 0.483333 0.166071 0.480496 0.179018 0.476950 0.187946 0.464894 0.194643 0.455319 0.199107 0.435461 0.209375 0.418794 0.211607 0.402128 0.211607 0.379787 0.209375 0.366312 0.211607 0.367021 0.219196 0.381206 0.220982 0.392553 0.224554 0.404965 0.227232 0.420213 0.227232 0.434043 0.227232 0.445035 0.222321 0.463475 0.212946 0.478014 0.202232 0.489716 0.189732 0.492908 0.179018 0.497518 0.134821 0.498936 0.100446 0.502482 0.055357 0.504965 0.037054 0.506383 0.004464
1 0.507801 0.141964 0.507801 0.166964 0.512411 0.191964 0.517021 0.215625 0.520213 0.237946 0.523759 0.250446 0.532624 0.280804 0.542908 0.302679 0.558511 0.315179 0.578369 0.319643 0.590426 0.325446 0.600355 0.312946 0.589007 0.306250 0.573404 0.304911 0.557801 0.296875 0.546809 0.279018 0.537234 0.255357 0.531206 0.230357 0.526241 0.203571 0.521277 0.183482 0.515957 0.165179 0.512766 0.149107 0.512057 0.143304
2 0.531915 0.356696 0.537234 0.364732 0.552128 0.363839 0.560993 0.365179 0.558865 0.375000 0.550000 0.375893 0.542908 0.374554 0.532624 0.371429 0.526950 0.372768 0.528369 0.365179
2 0.647518 0.284375 0.635816 0.279911 0.626950 0.276786 0.613830 0.273214 0.604610 0.273214 0.600355 0.273661 0.597163 0.266964 0.597872 0.254464 0.603546 0.250893 0.604965 0.261607 0.611702 0.265179 0.623759 0.262946 0.635816 0.266071 0.645390 0.273214 0.652128 0.275893
2 0.400000 0.270089 0.391489 0.272321 0.374823 0.271429 0.359574 0.268304 0.350709 0.263393 0.341489 0.258929 0.334043 0.250446 0.343617 0.249107 0.350000 0.249107 0.360284 0.254018 0.371986 0.259821 0.384752 0.262946 0.393262 0.264286
3 0.514184 0.382143 0.524113 0.378571 0.536525 0.377232 0.541135 0.381250 0.533333 0.401339 0.525177 0.410268 0.519858 0.415179 0.502128 0.422321 0.485461 0.423214 0.460993 0.427232 0.443972 0.427232 0.429078 0.425893 0.420213 0.419643 0.412766 0.412500 0.405319 0.400000 0.402837 0.393750 0.404965 0.387946 0.412057 0.388839 0.421277 0.395536 0.430496 0.399554 0.445035 0.403125 0.465248 0.400893 0.480496 0.400446 0.499291 0.397321 0.505319 0.393304 0.510284 0.390179
3 0.533333 0.351786 0.533333 0.337946 0.538298 0.329464 0.553546 0.325893 0.565957 0.325893 0.573404 0.327232 0.571986 0.338393 0.569858 0.348214 0.564539 0.354018 0.558511 0.358482 0.551418 0.360714 0.542199 0.360714 0.537589 0.357589
3 0.595035 0.278125 0.604965 0.277232 0.614184 0.277679 0.619504 0.281696 0.618794 0.290625 0.614539 0.295536 0.608156 0.300000 0.602128 0.300000 0.591135 0.299554 0.584397 0.300000 0.578369 0.300000 0.576596 0.295536 0.576950 0.285714 0.585816 0.284375 0.591135 0.284375
3 0.469858 0.357589 0.448227 0.356250 0.428369 0.351339 0.398227 0.337946 0.381206 0.330804 0.371277 0.329018 0.368440 0.333482 0.371277 0.342857 0.377305 0.354018 0.389007 0.360714 0.409929 0.367411 0.423404 0.376786 0.440071 0.382589 0.456738 0.384375 0.464894 0.383929 0.470567 0.381696 0.476241 0.374554 0.474823 0.362500
3 0.455319 0.284821 0.465603 0.287500 0.468085 0.295089 0.465603 0.306696 0.460638 0.315625 0.447872 0.321429 0.419149 0.321429 0.401064 0.320089 0.380851 0.308482 0.370922 0.299554 0.367021 0.290179 0.369149 0.275446 0.380496 0.275000 0.397163 0.279464 0.410993 0.281696 0.425532 0.280804 0.438652 0.280804 0.447163 0.284375
4 0.614539 0.277679 0.631915 0.283482 0.630142 0.292857 0.624468 0.300000 0.618085 0.304911 0.609574 0.310714 0.603901 0.311161 0.595390 0.304911 0.594681 0.291518 0.603546 0.290179 0.609574 0.288839 0.612411 0.284375
4 0.565957 0.323661 0.581206 0.329464 0.581915 0.338393 0.580496 0.349107 0.577660 0.357589 0.572695 0.363393 0.564539 0.367411 0.557092 0.367857 0.551773 0.351786 0.558511 0.345982 0.563830 0.340625 0.565603 0.333929
4 0.535816 0.376339 0.531915 0.387946 0.524113 0.398214 0.515957 0.406250 0.504255 0.412054 0.487589 0.414732 0.474113 0.415625 0.458865 0.417411 0.446809 0.417857 0.435461 0.418304 0.421277 0.410714 0.413121 0.401339 0.405319 0.389732 0.394681 0.399554 0.401064 0.411161 0.408156 0.422768 0.415957 0.429911 0.424823 0.434375 0.435106 0.436607 0.446809 0.436161 0.462057 0.435714 0.474113 0.434375 0.490780 0.433482 0.503901 0.432589 0.514894 0.427679 0.529078 0.420089 0.535461 0.413839 0.541489 0.403125 0.545390 0.391964 0.548227 0.383482
4 0.375532 0.332143 0.364539 0.323214 0.359929 0.330804 0.360638 0.344643 0.366312 0.357589 0.374113 0.367857 0.382979 0.364732 0.387589 0.354464 0.380851 0.346875 0.378723 0.340179
4 0.375887 0.275000 0.361702 0.270089 0.360638 0.279911 0.360638 0.292857 0.360284 0.298661 0.362411 0.305804 0.367376 0.309375 0.373050 0.309375 0.379433 0.299107 0.375887 0.293304 0.375532 0.287946 0.375532 0.283929
4 0.360993 0.208482 0.346809 0.212500 0.288652 0.216518 0.245745 0.215625 0.189007 0.218750 0.146454 0.221429 0.111348 0.225000 0.068085 0.227679 0.001418 0.235268 0.000355 0.217411 0.014184 0.214732 0.043972 0.211607 0.089716 0.209375 0.123404 0.208482 0.159220 0.206696 0.190426 0.205357 0.223404 0.201786 0.250709 0.199554 0.286525 0.199107 0.319149 0.199107 0.345035 0.199554 0.360993 0.198214
4 0.634346 0.247984 0.679582 0.235547 0.719099 0.225728 0.772135 0.218527 0.812171 0.211327 0.872486 0.205436 0.899524 0.202163 0.942680 0.194308 0.945280 0.210018 0.882885 0.218527 0.844928 0.223764 0.817891 0.227037 0.784094 0.230965 0.753936 0.237510 0.727938 0.242747 0.706100 0.246020 0.677503 0.253221 0.660864 0.260421 0.648385 0.265003 0.642146 0.265658 0.635386 0.265658 0.631226 0.260421 0.626547 0.250602
