0 0.489150 0.001105 0.487177 0.035255 0.487670 0.060091 0.487670 0.102933 0.488163 0.141429 0.481752 0.160056 0.475833 0.176820 0.462517 0.187376 0.440816 0.191101 0.424541 0.196689 0.346615 0.198552 0.272635 0.198552 0.273622 0.219042 0.267210 0.233943 0.260305 0.243257 0.245016 0.247603 0.233673 0.248845 0.234166 0.263747 0.246989 0.288583 0.258826 0.305968 0.270663 0.316523 0.294829 0.328941 0.310612 0.338255 0.328367 0.355019 0.337738 0.364954 0.347108 0.368058 0.352534 0.368058 0.359438 0.374267 0.359932 0.381718 0.359932 0.391653 0.352040 0.394757 0.351547 0.403450 0.358452 0.415247 0.368809 0.427044 0.380646 0.436358 0.399387 0.436358 0.428979 0.432011 0.482245 0.430769 0.507398 0.432011 0.523180 0.431390 0.531565 0.432011 0.542415 0.439462 0.552772 0.440704 0.567568 0.440704 0.575459 0.436358 0.581378 0.427665 0.586803 0.418972 0.592721 0.415247 0.600119 0.410901 0.609983 0.405312 0.620341 0.404692 0.630204 0.392894 0.636616 0.386685 0.636123 0.376751 0.651905 0.358124 0.669660 0.336392 0.675086 0.327700 0.681497 0.326458 0.683963 0.311556 0.688895 0.304105 0.699252 0.302243 0.711582 0.296655 0.731310 0.286099 0.749065 0.278648 0.768300 0.264989 0.784576 0.255054 0.793946 0.246362 0.796906 0.235185 0.797892 0.219042 0.797892 0.198552 0.544881 0.198552 0.534031 0.188618 0.524660 0.169991 0.517262 0.155089 0.513316 0.135841 0.511837 0.098587 0.511837 0.045810 0.512330 0.003589 0.501973 0.002347
1 0.493588 0.004210 0.493588 0.026562 0.494082 0.096724 0.497534 0.133357 0.501480 0.163782 0.506412 0.186755 0.515782 0.208486 0.527619 0.223388 0.536990 0.236427 0.542415 0.251950 0.543895 0.275544 0.543895 0.305968 0.545374 0.335151 0.547840 0.353157 0.555731 0.371163 0.565102 0.384823 0.580885 0.407175 0.587789 0.420214 0.587789 0.427665 0.598147 0.422698 0.603572 0.418972 0.598640 0.400345 0.597653 0.381097 0.593708 0.360607 0.589762 0.353157 0.589269 0.364954 0.589269 0.382339 0.590255 0.392273 0.581378 0.381097 0.571021 0.370542 0.564116 0.359366 0.560663 0.345085 0.557211 0.323353 0.558197 0.289204 0.557704 0.255675 0.552279 0.235806 0.538963 0.219042 0.523674 0.199173 0.515289 0.178683 0.512823 0.147638 0.506905 0.088031 0.506905 0.003589
2 0.690375 0.312798 0.684456 0.329562 0.693827 0.333288 0.700239 0.308452 0.701718 0.289204 0.707143 0.276786 0.689388 0.271818 0.669167 0.269956 0.646973 0.273060 0.647466 0.280511 0.670154 0.278028 0.686922 0.279890 0.692348 0.286099 0.691361 0.296034 0.690868 0.305968
3 0.669660 0.332046 0.677058 0.325837 0.681497 0.318386 0.683470 0.305347 0.689882 0.293550 0.690868 0.282995 0.674592 0.280511 0.646973 0.281132 0.633657 0.288583 0.618368 0.297896 0.600613 0.310314 0.593215 0.319007 0.591242 0.336392 0.594201 0.358124 0.597653 0.380476 0.600119 0.395378 0.601106 0.404071 0.622313 0.403450 0.637109 0.387927 0.635630 0.377993 0.645987 0.361849 0.656344 0.349431 0.663742 0.341980
3 0.322942 0.324595 0.319489 0.346948 0.302720 0.332667 0.283486 0.322732 0.263265 0.307831 0.253401 0.299759 0.242550 0.278648 0.234166 0.262505 0.234166 0.250087 0.241071 0.249466 0.247482 0.258780 0.255867 0.271198 0.265731 0.274923 0.274608 0.286099 0.286445 0.300380 0.295323 0.304105 0.308639 0.315282 0.315050 0.319007
3 0.364370 0.396620 0.355986 0.394136 0.349574 0.397241 0.354506 0.407796 0.363877 0.415868 0.368809 0.420214 0.369302 0.405933 0.369302 0.399724
4 0.270169 0.201657 0.269183 0.217179 0.252414 0.213454 0.206054 0.213454 0.183366 0.214075 0.166104 0.217179 0.141938 0.217179 0.120237 0.217800 0.102975 0.220905 0.067958 0.227734 0.043791 0.232702 0.014199 0.240152 0.000390 0.244499 0.000390 0.225251 0.016172 0.222767 0.040339 0.217800 0.057601 0.215316 0.084233 0.210349 0.100509 0.207866 0.114319 0.204761 0.137499 0.203519 0.164625 0.201657 0.197176 0.199173 0.229727 0.198552 0.261292 0.199173
4 0.239591 0.251950 0.227754 0.251950 0.227754 0.264368 0.233179 0.278028 0.241071 0.294171 0.253894 0.312177 0.266717 0.323974 0.290884 0.338255 0.305680 0.347569 0.316037 0.353778 0.322448 0.361849 0.332312 0.372405 0.342176 0.378614 0.350068 0.379855 0.346615 0.386064 0.345629 0.395999 0.345136 0.405933 0.354506 0.423939 0.365850 0.436358 0.379166 0.446913 0.400374 0.446292 0.430459 0.441946 0.453639 0.440704 0.481258 0.440083 0.506905 0.441946 0.523674 0.441946 0.531072 0.441946 0.538963 0.448776 0.552279 0.450017 0.564116 0.450638 0.572993 0.450017 0.581871 0.441946 0.586803 0.432011 0.589762 0.426423 0.574473 0.417730 0.570527 0.425802 0.564116 0.431390 0.554745 0.431390 0.545374 0.428907 0.537483 0.423939 0.529592 0.420214 0.520714 0.420214 0.506412 0.420214 0.481258 0.418972 0.452160 0.420214 0.429966 0.421456 0.415170 0.422077 0.403333 0.425181 0.390017 0.425802 0.375714 0.422077 0.363384 0.409038 0.365850 0.399724 0.369302 0.389790 0.368316 0.366817 0.356972 0.357503 0.347108 0.356261 0.339217 0.352536 0.331819 0.345085 0.320969 0.334530 0.309625 0.326458 0.296309 0.318386 0.283979 0.314040 0.273129 0.305347 0.262771 0.295413 0.252907 0.278648 0.244523 0.267472 0.243043 0.260642
4 0.607024 0.392273 0.600613 0.410901 0.610970 0.413384 0.622313 0.413384 0.634643 0.400966 0.643521 0.391653 0.645494 0.379855 0.657330 0.365575 0.676072 0.341980 0.682484 0.337013 0.688402 0.327079 0.691361 0.310935 0.677552 0.306589 0.674592 0.316523 0.668181 0.319628 0.662262 0.328321 0.650919 0.345085 0.632177 0.366196 0.626259 0.375509 0.626259 0.382339 0.620834 0.391032 0.615409 0.394757
4 0.706650 0.289204 0.707637 0.307831 0.722433 0.301001 0.734269 0.294792 0.751038 0.287962 0.771753 0.274302 0.786548 0.264368 0.800358 0.252571 0.819100 0.248224 0.843266 0.237048 0.869406 0.227734 0.893079 0.220284 0.916753 0.211591 0.923658 0.209728 0.934015 0.204140 0.926617 0.194827 0.907382 0.197310 0.888147 0.202277 0.870392 0.207245 0.855596 0.212833 0.840307 0.219042 0.825511 0.224009 0.808249 0.232702 0.792467 0.233943 0.780630 0.245120 0.767314 0.253812 0.750545 0.264989 0.736735 0.272439 0.717994 0.281132
