2 0.488904 0.001783 0.487959 0.083222 0.488432 0.118295 0.484654 0.143261 0.479460 0.170606 0.471433 0.194978 0.447352 0.197950 0.333555 0.197950 0.224009 0.197356 0.240535 0.228267 0.247618 0.254423 0.260839 0.263934 0.348193 0.291278 0.392106 0.300195 0.468600 0.308517 0.509680 0.309706 0.554065 0.303762 0.590423 0.294251 0.629142 0.284145 0.649446 0.273445 0.661723 0.268689 0.681082 0.265123 0.699498 0.263934 0.715080 0.264528 0.731134 0.250262 0.745299 0.241345 0.752854 0.234212 0.759937 0.225889 0.764659 0.210434 0.765131 0.195573 0.534705 0.197356 0.525734 0.187250 0.518179 0.157528 0.513929 0.136128 0.512513 0.079656 0.511096 0.004756
3 0.491737 0.003567 0.491265 0.063011 0.489376 0.118295 0.486071 0.147422 0.479932 0.172984 0.471905 0.197356 0.461045 0.219945 0.440741 0.235400 0.415243 0.241345 0.391162 0.249073 0.359053 0.254423 0.325056 0.257989 0.305696 0.272256 0.300030 0.292467 0.314668 0.299006 0.323167 0.284145 0.342527 0.276417 0.362358 0.273445 0.393995 0.268095 0.431297 0.255017 0.458212 0.243723 0.481821 0.206867 0.494570 0.172984 0.498347 0.130184 0.504958 0.078467 0.505902 0.005350
3 0.507319 0.127211 0.508735 0.168823 0.516763 0.194384 0.532345 0.219945 0.546038 0.241345 0.558787 0.257989 0.572008 0.267500 0.590423 0.274634 0.608838 0.275228 0.621587 0.268095 0.631503 0.261556 0.653224 0.260367 0.670222 0.265123 0.686749 0.276417 0.697137 0.271067 0.683916 0.256800 0.663612 0.250262 0.647085 0.247289 0.622059 0.251450 0.606950 0.258584 0.591840 0.259773 0.570591 0.255017 0.558787 0.239562 0.543205 0.218161 0.527623 0.193789 0.519596 0.178334 0.510624 0.134345
4 0.675416 0.228267 0.707997 0.224106 0.735384 0.221728 0.768436 0.221728 0.766075 0.231239 0.750966 0.229456 0.733495 0.230050 0.716496 0.232428 0.699025 0.234212 0.685332 0.238373 0.675416 0.238967
4 0.207954 0.238373 0.214565 0.251450 0.235813 0.239562 0.254228 0.231834 0.267922 0.235400 0.286337 0.233617 0.318445 0.232428 0.336388 0.222323 0.357164 0.220539 0.376524 0.228862 0.388329 0.234212 0.391634 0.219350 0.368969 0.215784 0.349610 0.211623 0.336388 0.210434 0.327417 0.216378 0.305696 0.221134 0.281143 0.221134 0.259895 0.221728 0.240063 0.224106 0.225425 0.229456 0.220231 0.233023
0 0.260367 0.260367 0.291531 0.259178 0.329306 0.253828 0.361886 0.247289 0.389273 0.245506 0.394939 0.240156 0.376996 0.227078 0.355748 0.224700 0.334972 0.228862 0.323167 0.234212 0.301919 0.237778 0.275477 0.237778 0.258950 0.237778 0.250923 0.238373 0.249034 0.246695 0.252340 0.252639
0 0.746716 0.234806 0.722162 0.236589 0.691943 0.241345 0.678722 0.241939 0.662195 0.237184 0.652751 0.237184 0.654168 0.243128 0.674944 0.246695 0.688637 0.253828 0.698553 0.261556 0.714135 0.262150 0.723107 0.255612 0.729717 0.249073 0.738217 0.243723
1 0.255645 0.241939 0.260839 0.251450 0.273588 0.256206 0.285865 0.254423 0.304280 0.252639 0.304280 0.264528 0.290114 0.268095 0.275477 0.268689 0.261783 0.270473 0.248090 0.267500 0.241479 0.260367 0.239591 0.249667 0.241007 0.241345
1 0.338749 0.281767 0.367552 0.284739 0.402022 0.289495 0.444518 0.294251 0.481821 0.298412 0.510152 0.298412 0.539427 0.296034 0.568231 0.290684 0.607894 0.281767 0.641419 0.269878 0.655112 0.263934 0.662195 0.262150 0.668806 0.276417 0.644724 0.286523 0.625365 0.296628 0.604116 0.301384 0.587118 0.306139 0.556426 0.313273 0.511096 0.320406 0.467655 0.319812 0.409105 0.312678 0.390689 0.310301 0.347721 0.300789 0.332611 0.295439 0.328361 0.291873 0.334500 0.285928
1 0.698081 0.252045 0.708469 0.254423 0.715552 0.251450 0.726412 0.244317 0.740105 0.234806 0.746716 0.231239 0.759465 0.237778 0.745772 0.252045 0.732550 0.260367 0.720274 0.270473 0.708941 0.272850 0.697609 0.269878 0.691470 0.265717
0 0.585701 0.277606 0.588062 0.295439 0.606005 0.293062 0.622532 0.284145 0.635753 0.278795 0.650390 0.273445 0.662195 0.270473 0.666445 0.264528 0.656057 0.262150 0.646141 0.261556 0.631503 0.263934 0.617810 0.271662 0.605533 0.278795 0.596089 0.277606
0 0.344888 0.279389 0.373691 0.278795 0.401550 0.272850 0.413354 0.269284 0.417132 0.285928 0.416660 0.300195 0.377468 0.296034 0.355276 0.291278 0.342527 0.290089 0.337333 0.287117 0.338277 0.283551
1 0.000893 0.214407 0.019709 0.213800 0.054446 0.214407 0.102210 0.215015 0.127780 0.216837 0.141772 0.210155 0.154798 0.213800 0.177474 0.217444 0.212694 0.217444 0.242124 0.216229 0.240194 0.232021 0.215106 0.232021 0.203527 0.232629 0.187606 0.235058 0.175062 0.235058 0.163482 0.235058 0.153351 0.234451 0.144184 0.233236 0.139359 0.233236 0.120543 0.236273 0.104622 0.235666 0.089183 0.235666 0.075674 0.234451 0.058788 0.232629 0.045279 0.232021 0.029840 0.231414 0.013919 0.231414 0.001375 0.230807
1 0.756429 0.213192 0.781034 0.215015 0.812394 0.215622 0.835553 0.213800 0.873667 0.216837 0.910817 0.216229 0.955203 0.215622 0.975949 0.215622 0.986563 0.209548 0.996454 0.208626 0.996454 0.234451 0.987528 0.230807 0.974984 0.230199 0.951826 0.232021 0.891036 0.232021 0.876562 0.232021 0.851474 0.231414 0.821561 0.231414 0.801780 0.230807 0.781034 0.230199 0.763666 0.226555 0.757394 0.224125
