0 0.484802 0.003401 0.484802 0.045918 0.482776 0.136905 0.474671 0.168367 0.458460 0.180272 0.379433 0.177721 0.192334 0.177721 0.198413 0.198980 0.199764 0.232993 0.195711 0.263605 0.189632 0.292517 0.192334 0.314626 0.207194 0.341837 0.224755 0.351190 0.242317 0.353741 0.260554 0.363095 0.266633 0.375850 0.293651 0.398810 0.313239 0.409014 0.378082 0.409864 0.428065 0.404762 0.473320 0.397109 0.495610 0.392857 0.514522 0.388605 0.534110 0.374150 0.547619 0.356293 0.550996 0.337585 0.550996 0.329932 0.559777 0.309524 0.571935 0.298469 0.588821 0.295068 0.613137 0.295068 0.638129 0.295068 0.658392 0.291667 0.680007 0.279762 0.696217 0.255952 0.718507 0.241497 0.758359 0.231293 0.829281 0.217687 0.891422 0.198129 0.933975 0.186224 0.975853 0.171769 0.737420 0.172619 0.590848 0.175170 0.545593 0.165816 0.530733 0.158163 0.516548 0.142857 0.511820 0.090986 0.513171 0.002551
1 0.490206 0.005102 0.489531 0.069728 0.487504 0.128401 0.488180 0.163265 0.501013 0.189626 0.523303 0.205782 0.544242 0.206633 0.567207 0.206633 0.585444 0.216837 0.579365 0.236395 0.563154 0.249150 0.555724 0.279762 0.557751 0.312925 0.561702 0.336161 0.574468 0.329464 0.586525 0.324107 0.587470 0.298469 0.573286 0.277211 0.574637 0.255952 0.584769 0.252551 0.597602 0.255102 0.613137 0.244048 0.618383 0.234783 0.625951 0.219131 0.627573 0.211645 0.627033 0.197354 0.611787 0.186224 0.583418 0.186224 0.545593 0.186224 0.525329 0.184524 0.503040 0.170918 0.498987 0.147109 0.500338 0.112245 0.502364 0.081633 0.508443 0.005102
3 0.001182 0.176020 0.199088 0.176020 0.198413 0.200680 0.156535 0.197279 0.133570 0.198980 0.118710 0.202381 0.107227 0.200680 0.092367 0.196429 0.057244 0.194728 0.026849 0.194728 0.001182 0.196429
3 0.199764 0.292517 0.177305 0.292751 0.177824 0.325294 0.190797 0.353876 0.215123 0.365445 0.233093 0.369938 0.242992 0.366497 0.242992 0.337585 0.230159 0.337585 0.219352 0.330782 0.209895 0.322279 0.202465 0.308673
2 0.196386 0.283163 0.214623 0.299320 0.232861 0.312075 0.245694 0.327381 0.258528 0.327381 0.254475 0.342687 0.242317 0.350340 0.226781 0.351190 0.206518 0.340986 0.192334 0.314626 0.188956 0.291667
2 0.279466 0.352041 0.301756 0.352041 0.330800 0.362245 0.396994 0.361395 0.421986 0.355442 0.456434 0.351190 0.497636 0.348639 0.526680 0.339286 0.539514 0.326531 0.550321 0.321429 0.550321 0.344388 0.546268 0.359694 0.534110 0.377551 0.517224 0.389456 0.494934 0.392857 0.471969 0.397109 0.426039 0.403912 0.377406 0.409864 0.313914 0.409014 0.292975 0.397109 0.267308 0.375850 0.265957 0.368197 0.272036 0.356293
3 0.275414 0.366497 0.262920 0.385931 0.276728 0.404011 0.299927 0.421395 0.306555 0.424872 0.323678 0.428349 0.354058 0.429044 0.382780 0.426958 0.428740 0.416667 0.473995 0.408163 0.496960 0.405612 0.521277 0.399660 0.542215 0.385204 0.555724 0.363095 0.561803 0.335034 0.560453 0.322279 0.542215 0.329932 0.537487 0.348639 0.530057 0.363095 0.517224 0.370748 0.504390 0.374150 0.476697 0.382653 0.424688 0.388605 0.377406 0.395408 0.314590 0.396259 0.299054 0.386905 0.285545 0.375000
3 0.599629 0.272959 0.588821 0.293367 0.608692 0.312917 0.636862 0.313613 0.668898 0.304573 0.690992 0.296228 0.706458 0.270500 0.733523 0.255201 0.765007 0.246162 0.833333 0.227891 0.896150 0.210034 0.940054 0.195578 0.960993 0.187925 0.942756 0.170068 0.900203 0.180272 0.838737 0.196429 0.793482 0.207483 0.755657 0.217687 0.727288 0.227041 0.698244 0.234694 0.685410 0.246599 0.671226 0.263605 0.654340 0.276361 0.636103 0.279762 0.609760 0.279762
2 0.582067 0.257653 0.584769 0.279762 0.595576 0.292517 0.612462 0.295918 0.640155 0.295068 0.661094 0.292517 0.679331 0.282313 0.698244 0.257653 0.717832 0.240646 0.739446 0.235544 0.729314 0.218537 0.693516 0.220238 0.681358 0.231293 0.666498 0.253401 0.652313 0.259354 0.632725 0.259354 0.614488 0.255102 0.604357 0.259354 0.588821 0.256803
4 0.254082 0.353249 0.265129 0.339341 0.273414 0.335169 0.281147 0.346990 0.265129 0.365765 0.255187 0.381064 0.243035 0.373415 0.240273 0.367852
