1 0.602980 0.003259 0.601037 0.044689 0.600389 0.069362 0.596503 0.083793 0.589379 0.092172 0.572863 0.101017 0.556671 0.107999 0.428756 0.108465 0.429728 0.146637 0.445919 0.175034 0.488018 0.190861 0.519106 0.211344 0.542423 0.217861 0.553109 0.229499 0.555052 0.248119 0.563472 0.263947 0.584197 0.269533 0.608809 0.269533 0.649612 0.265809 0.659327 0.255568 0.676167 0.246723 0.688473 0.236481 0.697216 0.229499 0.707255 0.202499 0.708227 0.188068 0.709522 0.169913 0.714380 0.156878 0.728952 0.149430 0.735753 0.141982 0.738667 0.110327 0.647993 0.109396 0.633421 0.094965 0.626944 0.090310 0.623058 0.056793 0.621762 0.002328
2 0.565415 0.256499 0.595532 0.245792 0.615933 0.237878 0.644431 0.226240 0.660947 0.224378 0.664833 0.229499 0.674548 0.227637 0.685882 0.225775 0.687177 0.234619 0.674224 0.242999 0.657384 0.253240 0.648317 0.261154 0.631478 0.262550 0.611724 0.265343 0.598770 0.266740 0.583550 0.266274 0.571892 0.263947 0.568006 0.261154
2 0.431023 0.141516 0.441386 0.162465 0.448834 0.171775 0.470207 0.182016 0.487370 0.187602 0.497733 0.188533 0.499352 0.182482 0.495790 0.174102 0.473445 0.162930 0.453691 0.149896 0.440414 0.142447
2 0.509391 0.198309 0.536594 0.212275 0.556671 0.217861 0.584521 0.221585 0.589703 0.211809 0.587760 0.203430 0.559262 0.195051 0.545337 0.191792 0.531088 0.190396 0.518459 0.189930 0.511658 0.191792
3 0.540480 0.247654 0.573511 0.240206 0.589703 0.226706 0.591970 0.210413 0.590350 0.189930 0.591970 0.175034 0.600065 0.182947 0.599742 0.198775 0.600065 0.223913 0.597151 0.240206 0.579664 0.247654 0.563796 0.256499 0.542746 0.263481 0.535946 0.267205 0.529793 0.267671 0.528498 0.264412 0.533355 0.256033
0 0.605894 0.006052 0.606218 0.033983 0.607514 0.072155 0.610752 0.086120 0.612047 0.106603 0.616257 0.133137 0.622086 0.144310 0.624029 0.128948 0.621762 0.101017 0.618848 0.071689 0.618200 0.049810 0.619496 0.004655
0 0.604599 0.072155 0.599418 0.086120 0.592293 0.096362 0.573511 0.105206 0.560234 0.108930 0.554728 0.112655 0.556995 0.120103 0.564443 0.114051 0.573835 0.112655 0.589703 0.107068 0.596827 0.097293 0.603628 0.086586 0.606866 0.078206
3 0.636983 0.162465 0.648641 0.178292 0.658356 0.182947 0.670986 0.188533 0.680701 0.203430 0.690092 0.216930 0.695273 0.222516 0.704665 0.229033 0.708227 0.240206 0.713084 0.246723 0.715027 0.238809 0.711141 0.228102 0.698512 0.216464 0.690740 0.202964 0.685882 0.192723 0.678434 0.181085 0.672281 0.173637 0.663537 0.173171 0.655765 0.170378 0.648317 0.167120 0.643459 0.160603
3 0.679081 0.138258 0.681024 0.154551 0.686206 0.165723 0.694626 0.174568 0.707255 0.177827 0.726362 0.178758 0.727657 0.170378 0.712113 0.167585 0.699807 0.164327 0.691711 0.159206 0.686530 0.152689 0.683939 0.143844 0.683939 0.139189
3 0.402201 0.129413 0.416450 0.124758 0.435233 0.126154 0.450453 0.131275 0.465350 0.138258 0.462111 0.147568 0.443652 0.138258 0.426813 0.137792 0.413860 0.138258 0.403821 0.141516 0.398315 0.141051 0.398639 0.133603
3 0.500972 0.177827 0.500648 0.186206 0.499028 0.190396 0.496438 0.195051 0.501295 0.199240 0.505181 0.199240 0.507772 0.192723 0.510363 0.186671 0.513925 0.182947 0.507124 0.177827 0.505505 0.176896
