2 0.490552 0.002823 0.493701 0.089254 0.486773 0.140795 0.482364 0.173306 0.474176 0.186786 0.451501 0.189958 0.231051 0.195509 0.250576 0.216125 0.271991 0.230398 0.299075 0.239914 0.320491 0.243878 0.341276 0.267667 0.353873 0.283526 0.365210 0.296213 0.365840 0.315244 0.366470 0.360442 0.380327 0.375507 0.414339 0.383437 0.426936 0.392159 0.435125 0.410397 0.435125 0.444494 0.446462 0.459560 0.462838 0.484141 0.473546 0.511101 0.475436 0.530132 0.494331 0.543612 0.523305 0.561850 0.547869 0.561057 0.567395 0.549163 0.585031 0.535683 0.598888 0.522202 0.600777 0.507137 0.605186 0.480176 0.605816 0.456388 0.611485 0.442908 0.620303 0.431807 0.632270 0.415948 0.642348 0.400882 0.653055 0.383437 0.664393 0.374715 0.679509 0.367578 0.683918 0.363613 0.682029 0.340618 0.690847 0.322380 0.705334 0.304142 0.719191 0.287490 0.726119 0.275596 0.716671 0.263702 0.707223 0.262116 0.694626 0.244671 0.694626 0.232777 0.693996 0.197888 0.607076 0.198681 0.573064 0.198681 0.542830 0.186786 0.521415 0.164584 0.515746 0.141588 0.510078 0.109078 0.507558 0.002823
3 0.492209 0.002972 0.495986 0.107595 0.503541 0.204489 0.505430 0.245506 0.503069 0.325162 0.500708 0.344778 0.489848 0.357262 0.483710 0.368556 0.484182 0.393523 0.482765 0.408979 0.472377 0.411356 0.450657 0.410762 0.436019 0.410762 0.428464 0.417895 0.435547 0.427406 0.447352 0.426812 0.462461 0.425029 0.476155 0.423840 0.486071 0.418490 0.491265 0.415517 0.493626 0.401845 0.493626 0.385201 0.495514 0.371528 0.501653 0.363801 0.511096 0.344778 0.512513 0.329917 0.516290 0.303167 0.517235 0.239562 0.516763 0.181306 0.514874 0.155150 0.510624 0.129589 0.507319 0.089167 0.505902 0.002378
0 0.490792 0.516573 0.508735 0.526679 0.521484 0.534407 0.534705 0.535001 0.556898 0.528462 0.581924 0.510034 0.596089 0.503495 0.600339 0.504684 0.600339 0.518356 0.591368 0.533218 0.577674 0.540945 0.568703 0.548673 0.547454 0.560562 0.524790 0.560562 0.494098 0.542729 0.478516 0.533218 0.474266 0.525490 0.473322 0.518951 0.481821 0.515384
0 0.520068 0.479718 0.516763 0.473179 0.512041 0.474368 0.505430 0.476745 0.495514 0.476745 0.481821 0.473179 0.468600 0.463073 0.457267 0.452373 0.447352 0.441079 0.440269 0.438701 0.439797 0.445834 0.453018 0.460695 0.460100 0.472584 0.470961 0.483879 0.477099 0.489823 0.491737 0.495173 0.506374 0.494579 0.512513 0.492201
0 0.557370 0.436323 0.571064 0.436917 0.582868 0.436323 0.594673 0.428595 0.606005 0.419679 0.613560 0.414329 0.621587 0.413140 0.623476 0.423245 0.618754 0.432162 0.606950 0.447617 0.598922 0.456534 0.587590 0.460695 0.571064 0.460695 0.559731 0.460695 0.552176 0.454156 0.550760 0.448212 0.551232 0.442267
4 0.310418 0.256800 0.334972 0.256800 0.353859 0.256800 0.365192 0.244912 0.364719 0.255612 0.362831 0.265717 0.372747 0.277012 0.374163 0.281767 0.361414 0.278795 0.351026 0.274039 0.341110 0.269878 0.324584 0.267500 0.311363 0.267500
0 0.274060 0.212217 0.280199 0.220539 0.299086 0.222917 0.321751 0.225295 0.348193 0.227078 0.356692 0.233023 0.355748 0.240750 0.345832 0.244912 0.329306 0.244317 0.315140 0.244317 0.297197 0.239562 0.284920 0.234806 0.273116 0.228862 0.263672 0.223512 0.260839 0.218756
0 0.365192 0.287712 0.368497 0.303167 0.376524 0.321595 0.389745 0.334673 0.415243 0.353101 0.432714 0.364990 0.450657 0.373312 0.465295 0.376284 0.474266 0.371528 0.477571 0.350128 0.470961 0.339428 0.457267 0.337051 0.443102 0.324567 0.430353 0.316245 0.414299 0.312084 0.391634 0.306139 0.382662 0.300789 0.372747 0.294251
0 0.372747 0.337645 0.378885 0.352506 0.388801 0.359045 0.404855 0.367367 0.419965 0.377473 0.429881 0.379851 0.440269 0.388173 0.451601 0.395901 0.451129 0.403034 0.436019 0.395901 0.423742 0.386984 0.415243 0.381634 0.405327 0.376284 0.394467 0.374501 0.383607 0.372717 0.375580 0.366773 0.369441 0.359045 0.370386 0.344778
4 0.338277 0.311489 0.355276 0.308517 0.367080 0.316245 0.379357 0.328728 0.393523 0.344184 0.409105 0.356073 0.400605 0.362017 0.387856 0.355478 0.382190 0.347751 0.374635 0.334673 0.362831 0.325756 0.353859 0.322784 0.346776 0.326351
4 0.675888 0.305545 0.687693 0.286523 0.701859 0.270473 0.713663 0.262150 0.729717 0.258584 0.745772 0.259178 0.744827 0.268689 0.722635 0.269284 0.710830 0.275228 0.698553 0.287117 0.683916 0.304356 0.674472 0.327539 0.668806 0.325756
0 0.617338 0.376284 0.629142 0.367962 0.645669 0.357856 0.661251 0.344184 0.672111 0.335267 0.675888 0.323378 0.686749 0.302573 0.698081 0.288901 0.707997 0.278200 0.716496 0.274039 0.720746 0.273445 0.722162 0.280578 0.716496 0.291873 0.702803 0.307328 0.693359 0.321595 0.683916 0.335862 0.682027 0.348345 0.682027 0.360828 0.679666 0.369745 0.670694 0.371528 0.650863 0.375095 0.640002 0.380445 0.631031 0.384012 0.622059 0.389362 0.614505 0.388173 0.614505 0.382228
1 0.480404 0.520734 0.466711 0.516573 0.468128 0.530840 0.473794 0.540351 0.490320 0.552240 0.511096 0.562940 0.523845 0.571857 0.549815 0.570668 0.571536 0.557590 0.582396 0.546890 0.590895 0.541540 0.598450 0.534407 0.604589 0.526084 0.607894 0.517762 0.607422 0.504684 0.597034 0.507062 0.591840 0.516573 0.581452 0.527868 0.571064 0.535595 0.548399 0.551051 0.525734 0.551051 0.499292 0.537379 0.488904 0.528462
1 0.484654 0.484473 0.481349 0.499334 0.470961 0.493390 0.461989 0.483284 0.446879 0.469018 0.439324 0.458912 0.432714 0.453562 0.431769 0.443456 0.441213 0.440484 0.448296 0.450590 0.459156 0.459506 0.468128 0.470801 0.479460 0.479718
1 0.568703 0.453562 0.567758 0.469612 0.589951 0.469612 0.600811 0.464262 0.615449 0.454156 0.623476 0.441673 0.630559 0.425623 0.628670 0.420867 0.617810 0.422056 0.612144 0.428001 0.603644 0.438106 0.597034 0.445834 0.588062 0.449995 0.579091 0.451779
1 0.620643 0.382823 0.636225 0.370934 0.651335 0.366773 0.665500 0.363801 0.673055 0.359640 0.674472 0.350723 0.676833 0.336456 0.685804 0.317434 0.700442 0.297817 0.709886 0.285334 0.718385 0.276417 0.732550 0.286523 0.724051 0.298412 0.715080 0.308517 0.705164 0.319217 0.696664 0.329917 0.690998 0.339428 0.690998 0.351317 0.690998 0.360828 0.690054 0.369745 0.685804 0.379851 0.678722 0.380445 0.665028 0.381634 0.652751 0.384606 0.642836 0.388767 0.632920 0.393523 0.626309 0.393523 0.620643 0.391145
1 0.446407 0.397684 0.429881 0.384012 0.418076 0.378067 0.405327 0.371528 0.395884 0.369151 0.386912 0.367367 0.376524 0.356073 0.372274 0.345373 0.363303 0.341806 0.359525 0.359640 0.363775 0.372123 0.377941 0.382823 0.391162 0.385201 0.410521 0.389362 0.420909 0.397090 0.428464 0.403034 0.443574 0.406006
1 0.001138 0.203300 0.025692 0.203300 0.067716 0.203300 0.117295 0.202111 0.164514 0.202111 0.225425 0.202111 0.248562 0.203300 0.265561 0.214595 0.276421 0.224700 0.299086 0.231834 0.317973 0.234212 0.342055 0.235400 0.352443 0.235995 0.359998 0.247289 0.346776 0.252045 0.329306 0.252045 0.309946 0.250856 0.295781 0.247289 0.281143 0.241939 0.270283 0.237184 0.260839 0.231239 0.248090 0.223512 0.239591 0.220539 0.225425 0.218161 0.148459 0.218161 0.060161 0.217567 0.044579 0.220539 0.033246 0.220539 0.016720 0.219945 0.010109 0.215784 0.000194 0.216973
1 0.380774 0.314462 0.368969 0.321001 0.364247 0.309112 0.360942 0.300195 0.357637 0.289495 0.365664 0.284739 0.370858 0.291873 0.376524 0.304356
1 0.685804 0.205084 0.743883 0.203895 0.804795 0.203895 0.860984 0.203895 0.877039 0.199734 0.887427 0.202111 0.908203 0.203895 0.952116 0.202706 0.961087 0.198545 0.969114 0.202706 0.983280 0.205084 0.996454 0.204512 0.996454 0.218756 0.971948 0.217567 0.965337 0.219350 0.949283 0.218161 0.894509 0.219350 0.888371 0.221728 0.877039 0.222917 0.860512 0.219350 0.836903 0.216973 0.805267 0.217567 0.758993 0.217567 0.733023 0.218161 0.709413 0.217567 0.697609 0.217567 0.684860 0.217567
