0 0.488163 0.002347 0.487177 0.031529 0.487670 0.065058 0.488163 0.125907 0.487177 0.143292 0.481258 0.165644 0.473367 0.179925 0.463010 0.186755 0.443282 0.190480 0.431939 0.192964 0.414183 0.197931 0.284965 0.199794 0.281513 0.218421 0.282006 0.237669 0.277567 0.254433 0.266224 0.269335 0.252414 0.278028 0.243043 0.286720 0.240577 0.297275 0.248469 0.308452 0.259319 0.316523 0.289897 0.330804 0.307159 0.338255 0.319982 0.350052 0.340697 0.364954 0.359932 0.371163 0.375714 0.375509 0.385578 0.377993 0.393469 0.381097 0.393469 0.386064 0.382125 0.386685 0.371768 0.386064 0.367330 0.389169 0.372755 0.395378 0.385578 0.405933 0.402840 0.410901 0.423061 0.417110 0.438843 0.423939 0.458078 0.427044 0.473367 0.429528 0.490136 0.435116 0.503946 0.436358 0.528606 0.435737 0.540935 0.432011 0.554745 0.431390 0.568061 0.433874 0.581378 0.435116 0.591735 0.430769 0.596174 0.425802 0.598640 0.412142 0.602585 0.404692 0.608997 0.395378 0.617381 0.390411 0.625766 0.387927 0.628232 0.381097 0.641548 0.363091 0.658810 0.347569 0.673113 0.333909 0.678538 0.329562 0.683470 0.314040 0.695800 0.297896 0.700732 0.284857 0.709609 0.272439 0.716021 0.270577 0.733283 0.273681 0.750545 0.271198 0.761395 0.261884 0.767807 0.246982 0.772739 0.199173 0.551293 0.199794 0.541429 0.196068 0.527126 0.177441 0.516769 0.152605 0.512330 0.134599 0.512330 0.079960 0.511837 0.002968
1 0.494082 0.002968 0.493588 0.032771 0.494082 0.097345 0.498520 0.135220 0.502466 0.160056 0.506412 0.184892 0.515289 0.204140 0.525646 0.220284 0.534524 0.234564 0.539949 0.243878 0.542415 0.265609 0.543401 0.302864 0.543895 0.328321 0.546361 0.351294 0.550799 0.366817 0.556718 0.375509 0.566582 0.387927 0.583351 0.403450 0.596174 0.412142 0.605545 0.425181 0.614915 0.414005 0.602092 0.392894 0.587296 0.382339 0.572993 0.369300 0.562143 0.355640 0.558197 0.334530 0.556718 0.310314 0.554745 0.281753 0.553265 0.258159 0.552279 0.243257 0.549320 0.231460 0.542908 0.221525 0.526140 0.200415 0.517262 0.179925 0.512330 0.148259 0.508384 0.103554 0.505918 0.056365 0.506905 0.004210
4 0.707637 0.297896 0.707637 0.284237 0.701718 0.279269 0.688895 0.278028 0.670154 0.278028 0.652892 0.278028 0.642041 0.282995 0.640068 0.271818 0.657330 0.269335 0.672126 0.268714 0.693827 0.269335 0.705664 0.269956 0.714541 0.274923 0.717007 0.282374 0.717501 0.293550 0.715528 0.297896
2 0.688895 0.280511 0.654371 0.280511 0.643028 0.284857 0.624286 0.297896 0.604065 0.310935 0.593708 0.323353 0.593215 0.344464 0.596174 0.369921 0.598147 0.387927 0.611463 0.389790 0.625272 0.388548 0.625766 0.382339 0.646973 0.353778 0.667194 0.335151 0.674099 0.330804 0.680018 0.328941 0.681004 0.320249 0.690375 0.304105 0.696293 0.293550 0.699746 0.283616
2 0.565595 0.422077 0.579405 0.413384 0.589762 0.414005 0.594694 0.420214 0.593708 0.428907 0.584830 0.435116 0.575953 0.434495 0.569048 0.431390 0.561650 0.428907 0.560663 0.425802
2 0.395442 0.387306 0.396428 0.402208 0.395442 0.410901 0.386071 0.407175 0.375714 0.400345 0.369302 0.394757 0.366343 0.389169 0.368316 0.384202 0.377194 0.386064 0.386071 0.387306
2 0.330340 0.327700 0.324914 0.352536 0.313571 0.343222 0.293843 0.332046 0.273129 0.322732 0.256853 0.310314 0.249455 0.301622 0.243043 0.293550 0.248469 0.285478 0.256853 0.274923 0.264251 0.274302 0.272635 0.281132 0.274115 0.288583 0.283486 0.299138 0.294336 0.305347 0.301734 0.310935 0.310118 0.317144 0.316530 0.324595 0.322942 0.327079
3 0.281513 0.217800 0.281513 0.199794 0.246989 0.199173 0.173996 0.200415 0.125169 0.202898 0.097550 0.207245 0.055135 0.215316 0.000883 0.225872 0.000883 0.242636 0.019131 0.240773 0.049710 0.230218 0.087686 0.224630 0.116785 0.219042 0.146870 0.215937 0.175475 0.215937 0.190271 0.214075 0.228741 0.211591 0.259812 0.212833 0.271649 0.212833
3 0.261292 0.280511 0.253894 0.268093 0.243537 0.274923 0.237125 0.282995 0.235152 0.295413 0.235152 0.304726 0.240577 0.313419 0.251921 0.322732 0.267210 0.328941 0.283979 0.338255 0.303214 0.348810 0.315050 0.358745 0.328367 0.368058 0.342176 0.375509 0.353520 0.379235 0.361904 0.379855 0.359438 0.393515 0.369302 0.404692 0.382619 0.415247 0.400867 0.423319 0.421088 0.428286 0.437857 0.435116 0.457585 0.438841 0.470901 0.441946 0.488163 0.448776 0.503452 0.448776 0.529592 0.446292 0.542415 0.443808 0.554252 0.443187 0.566089 0.445050 0.580391 0.446913 0.591735 0.446292 0.599133 0.438220 0.605051 0.425802 0.589762 0.419593 0.581871 0.423939 0.571021 0.423939 0.562143 0.423939 0.548333 0.420835 0.537483 0.419593 0.526140 0.423939 0.507398 0.425802 0.488163 0.423319 0.469915 0.418351 0.454626 0.414626 0.438843 0.414005 0.422568 0.406554 0.405306 0.400966 0.394949 0.395999 0.399881 0.386064 0.394949 0.373026 0.384591 0.366817 0.372755 0.363712 0.360425 0.360607 0.343163 0.351915 0.324421 0.341360 0.312584 0.329562 0.292363 0.321491 0.270663 0.310314 0.260305 0.306589 0.253401 0.299759 0.251921 0.292929 0.255867 0.289204
3 0.601599 0.380476 0.601106 0.397862 0.617381 0.397862 0.630204 0.397241 0.635630 0.382960 0.647960 0.371784 0.664728 0.355640 0.678538 0.343222 0.685936 0.335771 0.691361 0.317765 0.703691 0.304105 0.709116 0.285478 0.709609 0.282374 0.693827 0.278648 0.689388 0.292308 0.677058 0.305347 0.672126 0.320249 0.666208 0.325216 0.654371 0.336392 0.635136 0.353157 0.622806 0.371784 0.616888 0.378614 0.608997 0.381097
3 0.715035 0.258780 0.717501 0.278028 0.730324 0.280511 0.743147 0.280511 0.754984 0.279269 0.763368 0.272439 0.778657 0.262505 0.803317 0.248845 0.827484 0.238911 0.850171 0.232702 0.874831 0.225251 0.898505 0.219042 0.921685 0.210349 0.942893 0.204140 0.938947 0.192964 0.916260 0.194206 0.894559 0.200415 0.869899 0.207245 0.854610 0.212212 0.839321 0.217800 0.823538 0.221525 0.805290 0.228355 0.791480 0.236427 0.777178 0.245120 0.766821 0.250087 0.755970 0.255054 0.747093 0.261884 0.736735 0.263747 0.730324 0.264368 0.721939 0.261884
