0 0.488656 0.001105 0.488163 0.034013 0.488163 0.096103 0.487177 0.140187 0.482245 0.159435 0.474354 0.175579 0.461530 0.186134 0.440323 0.191722 0.424047 0.197310 0.253401 0.199173 0.248962 0.220905 0.243537 0.235806 0.236632 0.246982 0.242550 0.269335 0.251921 0.289825 0.268690 0.304105 0.282006 0.317144 0.292363 0.325837 0.293350 0.339497 0.285952 0.353778 0.290884 0.371163 0.298775 0.389790 0.317516 0.412142 0.337244 0.422077 0.364370 0.428907 0.392483 0.429528 0.420595 0.430149 0.449694 0.430149 0.467449 0.429528 0.487670 0.433874 0.515782 0.443187 0.531565 0.446292 0.552772 0.448776 0.563129 0.446292 0.572007 0.438220 0.584337 0.430769 0.595681 0.424560 0.608011 0.416489 0.627738 0.412763 0.635136 0.410901 0.647466 0.390411 0.659303 0.367437 0.668181 0.348810 0.678538 0.333288 0.689388 0.326458 0.701225 0.320870 0.714541 0.309694 0.732790 0.291066 0.741667 0.289825 0.749559 0.282995 0.764355 0.274302 0.784576 0.262505 0.801344 0.251329 0.806276 0.240773 0.808742 0.222146 0.810715 0.198552 0.561157 0.201036 0.544881 0.194827 0.532551 0.186755 0.515782 0.153847 0.513316 0.130253 0.512823 0.000484
1 0.493095 0.004210 0.494082 0.032150 0.494575 0.072509 0.495068 0.104796 0.498027 0.135220 0.505918 0.183030 0.518742 0.231460 0.527126 0.275544 0.534031 0.304726 0.541922 0.332667 0.550306 0.356261 0.551293 0.368058 0.563623 0.383581 0.575953 0.393515 0.583351 0.405312 0.584337 0.423319 0.578419 0.440083 0.587789 0.442567 0.593708 0.430769 0.602585 0.435737 0.606531 0.429528 0.597653 0.418972 0.596174 0.405312 0.591735 0.389790 0.582857 0.374888 0.570034 0.366817 0.561157 0.348810 0.548333 0.303485 0.534031 0.256296 0.521208 0.195448 0.513810 0.163161 0.509371 0.125286 0.507398 0.091136 0.505918 0.037118 0.506905 0.003589
4 0.181887 0.217179 0.205560 0.211591 0.227261 0.210970 0.254880 0.213454 0.264251 0.223388 0.269183 0.246982 0.276088 0.262505 0.288418 0.281753 0.285459 0.292308 0.273129 0.272439 0.261292 0.263747 0.251921 0.256296 0.244523 0.242636 0.233673 0.230839 0.222822 0.228355 0.203094 0.228976 0.188792 0.231460 0.181887 0.235185 0.178434 0.232702 0.177941 0.227114
4 0.676565 0.348810 0.684950 0.349431 0.690375 0.321491 0.693334 0.303485 0.694320 0.287341 0.682977 0.276165 0.669167 0.274302 0.669660 0.281132 0.680511 0.290446 0.683470 0.301001 0.683963 0.310935 0.682484 0.325837
2 0.634150 0.287962 0.645987 0.282374 0.663742 0.283616 0.677552 0.289825 0.682484 0.298517 0.682484 0.312798 0.681004 0.329562 0.671140 0.343222 0.661276 0.361228 0.647466 0.391032 0.637602 0.409038 0.632177 0.412763 0.601106 0.411521 0.597653 0.382960 0.594201 0.371163 0.592228 0.355640 0.590749 0.328941 0.593215 0.315903 0.604065 0.307831 0.620341 0.297896
2 0.295816 0.341980 0.305186 0.352536 0.313078 0.359987 0.321462 0.364954 0.311598 0.399103 0.299761 0.388548 0.289404 0.374888 0.285459 0.361849 0.285459 0.350052 0.289404 0.346948
2 0.318010 0.322112 0.306173 0.341980 0.294829 0.324595 0.269676 0.305968 0.254880 0.289825 0.241564 0.264989 0.235645 0.249466 0.239098 0.244499 0.246003 0.251329 0.256853 0.266851 0.266224 0.269335 0.274608 0.281132 0.290391 0.298517 0.303707 0.306589 0.313571 0.315282
3 0.241909 0.247456 0.230412 0.248217 0.234043 0.265739 0.238279 0.282499 0.247356 0.300021 0.261879 0.309925 0.275797 0.322876 0.284874 0.331256 0.283664 0.341160 0.277007 0.351825 0.280638 0.364776 0.287295 0.386869 0.294556 0.401344 0.309079 0.418866 0.334495 0.434864 0.362331 0.440959 0.391378 0.442482 0.420425 0.442482 0.447656 0.441721 0.467625 0.443244 0.483964 0.444768 0.514221 0.454672 0.529954 0.459242 0.548108 0.460766 0.559606 0.459242 0.571104 0.453148 0.581391 0.442482 0.588652 0.428770 0.570498 0.419628 0.564447 0.432579 0.554765 0.437911 0.540847 0.436388 0.522693 0.431055 0.505144 0.426484 0.491226 0.422675 0.471861 0.418866 0.447656 0.418104 0.420425 0.418104 0.391983 0.417342 0.365357 0.416580 0.339941 0.410486 0.322392 0.399820 0.307869 0.383060 0.298792 0.361729 0.299397 0.351064 0.301818 0.341160 0.302423 0.325162 0.294556 0.311449 0.278823 0.301545 0.263694 0.288594 0.256433 0.274881 0.246750 0.262692
3 0.606201 0.400582 0.594704 0.410486 0.604386 0.421151 0.623750 0.421913 0.641299 0.414295 0.654007 0.394487 0.666715 0.369347 0.675792 0.352587 0.685474 0.339636 0.675792 0.322876 0.660664 0.343445 0.652192 0.364015 0.641299 0.385346 0.632222 0.399058 0.623145 0.402868 0.614068 0.402868
3 0.696367 0.309163 0.698182 0.331256 0.714521 0.324400 0.734490 0.303830 0.743567 0.303069 0.756880 0.292403 0.777455 0.279452 0.791373 0.274119 0.807712 0.260407 0.839179 0.245932 0.867620 0.234505 0.899693 0.220792 0.925713 0.211650 0.952339 0.203270 0.945078 0.188795 0.916031 0.194128 0.881538 0.206317 0.840389 0.222315 0.814368 0.235266 0.792583 0.245170 0.759301 0.263454 0.738121 0.275643 0.725413 0.285547 0.712705 0.299260
3 0.000460 0.226886 0.024665 0.221554 0.051291 0.213173 0.081548 0.207841 0.117856 0.203270 0.171714 0.201746 0.222545 0.197937 0.247961 0.197937 0.252802 0.203270 0.248566 0.213935 0.232832 0.210888 0.212258 0.210888 0.192893 0.212412 0.176555 0.216983 0.153559 0.216983 0.128749 0.217744 0.111200 0.219268 0.083364 0.223077 0.053712 0.229172 0.033742 0.235266 0.011957 0.240599 0.000000 0.243610 0.000000 0.243610
