2 0.491079 0.002681 0.491637 0.044797 0.489406 0.096740 0.484388 0.124817 0.482716 0.142366 0.479928 0.163424 0.476025 0.178164 0.470449 0.185886 0.458740 0.189395 0.384585 0.190799 0.337192 0.195011 0.298162 0.199222 0.261363 0.200626 0.279763 0.228703 0.294259 0.244848 0.298720 0.258185 0.303738 0.270117 0.319907 0.275031 0.328271 0.289070 0.334404 0.303810 0.351688 0.306618 0.363397 0.308724 0.358379 0.330483 0.356706 0.348032 0.345555 0.364878 0.307083 0.404888 0.305968 0.419629 0.331058 0.421735 0.342210 0.423840 0.357821 0.432966 0.377894 0.447706 0.402984 0.450514 0.459855 0.453322 0.485503 0.449812 0.528993 0.444196 0.559102 0.437177 0.563005 0.432966 0.573598 0.393657 0.588652 0.345224 0.593113 0.322060 0.598689 0.301704 0.609282 0.288368 0.615973 0.281348 0.625452 0.276435 0.633815 0.279944 0.643851 0.279944 0.659463 0.275733 0.671729 0.276435 0.678420 0.272925 0.704626 0.273627 0.719122 0.263098 0.728043 0.245550 0.741489 0.225446 0.748582 0.205804 0.749645 0.193750 0.604264 0.195011 0.565235 0.196415 0.545163 0.185184 0.522860 0.164828 0.517842 0.147279 0.508921 0.086913 0.506691 0.001979
3 0.493309 0.005489 0.491079 0.051115 0.489964 0.096038 0.484946 0.133241 0.483831 0.173953 0.487734 0.200626 0.495539 0.218876 0.513939 0.228703 0.539029 0.230809 0.570253 0.224492 0.597573 0.218876 0.637718 0.220280 0.670614 0.228703 0.706856 0.235723 0.736964 0.233617 0.763121 0.233929 0.796099 0.233036 0.797872 0.221875 0.780851 0.214286 0.720237 0.212559 0.690686 0.214665 0.665596 0.207645 0.639391 0.202030 0.617088 0.201328 0.595901 0.201328 0.575829 0.206944 0.554641 0.213261 0.530666 0.215367 0.514497 0.213963 0.505576 0.206944 0.498327 0.195011 0.494982 0.171145 0.496655 0.112183 0.500558 0.088317 0.506133 0.005489
0 0.546278 0.414013 0.526763 0.424542 0.519515 0.434369 0.522303 0.439283 0.541260 0.440687 0.552968 0.435773 0.558544 0.428754 0.558544 0.420331 0.553526 0.416821
0 0.482158 0.375407 0.496097 0.366282 0.523975 0.370494 0.518957 0.399975 0.502788 0.432264 0.484388 0.444898 0.455395 0.449812 0.419153 0.449110 0.394063 0.449110 0.378451 0.444898 0.365627 0.434369 0.352246 0.425946 0.336634 0.424542 0.315447 0.421735 0.305968 0.421033 0.305968 0.414013 0.317677 0.406292 0.333289 0.406292 0.348900 0.409802 0.363397 0.421735 0.380124 0.428754 0.396851 0.428754 0.416923 0.423138 0.436995 0.419629 0.467104 0.414013 0.476582 0.412610 0.478813 0.395061 0.478255 0.387340
1 0.000424 0.197116 0.087961 0.197116 0.155984 0.195011 0.272514 0.196415 0.285338 0.216069 0.296490 0.229405 0.306526 0.244146 0.308198 0.255377 0.321580 0.263800 0.332174 0.274329 0.342767 0.295387 0.366185 0.297493 0.376779 0.307320 0.367858 0.337503 0.366742 0.362070 0.338652 0.354018 0.344681 0.340179 0.346809 0.321875 0.330851 0.316071 0.321277 0.310268 0.310638 0.301339 0.297872 0.294196 0.289362 0.279018 0.279433 0.263839 0.270213 0.245982 0.251418 0.228125 0.217873 0.213261 0.172711 0.214665 0.127548 0.216069 0.090191 0.214665 0.056180 0.216771 0.008230 0.216069 0.000424 0.216069
1 0.312756 0.411687 0.296198 0.408213 0.295278 0.423847 0.302637 0.429637 0.317355 0.431374 0.328854 0.431374 0.346331 0.438322 0.355070 0.443533 0.374387 0.458009 0.401063 0.462641 0.433259 0.462641 0.448227 0.468304 0.458865 0.467857 0.478792 0.461483 0.491671 0.458009 0.499949 0.448166 0.492131 0.435427 0.474653 0.440638 0.439698 0.442375 0.408422 0.441217 0.384506 0.439480 0.364729 0.426742 0.351850 0.418056 0.337132 0.415161 0.322874 0.412845
1 0.526166 0.437164 0.544563 0.430216 0.553762 0.425584 0.554682 0.419214 0.565720 0.416898 0.568940 0.429637 0.568020 0.438901 0.559741 0.448166 0.547783 0.449903 0.532605 0.450482 0.528465 0.450482
1 0.579978 0.342783 0.585037 0.353785 0.598582 0.362946 0.606383 0.342857 0.610638 0.324107 0.614184 0.306696 0.619504 0.296875 0.628723 0.297768 0.638298 0.299554 0.650000 0.298214 0.659929 0.294643 0.670213 0.293304 0.679078 0.291071 0.683333 0.285714 0.676564 0.261719 0.667366 0.266352 0.655407 0.266352 0.642989 0.266931 0.633331 0.268089 0.625512 0.263457 0.609874 0.269247 0.600675 0.280248 0.594236 0.290092 0.588257 0.307462 0.584118 0.328307 0.580898 0.331203
1 0.700941 0.264036 0.701861 0.283143 0.715957 0.286607 0.729433 0.275893 0.740780 0.258929 0.745745 0.241518 0.723478 0.239137 0.715659 0.250718 0.710140 0.260561
1 0.749234 0.202659 0.749694 0.219451 0.787409 0.221767 0.870197 0.220609 0.903312 0.215976 0.952985 0.203238 0.963104 0.202080 0.941947 0.191657 0.910211 0.194553 0.880316 0.198027 0.854559 0.199764 0.799827 0.200343 0.766712 0.203238
4 0.689716 0.234821 0.689362 0.259821 0.686525 0.286161 0.702128 0.287054 0.700000 0.259821 0.699645 0.236161
4 0.406028 0.337054 0.412411 0.335714 0.418085 0.394643 0.414539 0.415625 0.399645 0.425446 0.384397 0.427232 0.367730 0.419196 0.352837 0.409375 0.335461 0.406250 0.364894 0.378571 0.373759 0.395089 0.377305 0.408482 0.384043 0.413839 0.393972 0.415179 0.401773 0.407143 0.405674 0.395982 0.406383 0.379018 0.406738 0.370982
