2 0.488301 0.000550 0.488301 0.083682 0.484141 0.117066 0.482062 0.147832 0.471662 0.183180 0.455024 0.194962 0.026060 0.196271 0.023460 0.236201 0.025540 0.265003 0.033340 0.291841 0.051018 0.310824 0.066617 0.313443 0.079616 0.310824 0.101454 0.309515 0.140970 0.314752 0.182047 0.323916 0.214804 0.329153 0.273559 0.347481 0.322955 0.363191 0.341673 0.368428 0.375991 0.368428 0.414467 0.367773 0.453984 0.367773 0.476862 0.362537 0.506499 0.355336 0.528338 0.353372 0.552256 0.348136 0.582933 0.341590 0.625569 0.335699 0.643768 0.333735 0.650527 0.323261 0.704603 0.315406 0.754518 0.306897 0.815353 0.297078 0.852790 0.287259 0.876188 0.272858 0.928184 0.263694 0.938583 0.260421 0.940663 0.251257 0.952622 0.242747 0.958861 0.222455 0.960941 0.199544 0.598532 0.198890 0.580853 0.198890 0.563175 0.192999 0.533017 0.174670 0.520538 0.161578 0.514819 0.153723 0.512739 0.115757 0.510659 0.003823
3 0.491941 0.005787 0.491421 0.050953 0.486741 0.108557 0.483621 0.161578 0.481542 0.193653 0.483621 0.214600 0.489861 0.233583 0.501820 0.247329 0.506499 0.276131 0.509619 0.307551 0.528858 0.321298 0.559015 0.324571 0.587093 0.328498 0.595932 0.337662 0.608411 0.331116 0.592812 0.314752 0.565774 0.307551 0.535097 0.306242 0.521058 0.298387 0.515859 0.274822 0.517419 0.252566 0.508579 0.240783 0.497660 0.230965 0.493501 0.204127 0.494021 0.154378 0.498180 0.100047 0.502860 0.077137 0.504940 0.005132
4 0.920384 0.272204 0.893867 0.257803 0.828352 0.253875 0.793515 0.247984 0.730600 0.230310 0.694204 0.224419 0.696283 0.235547 0.742039 0.246675 0.796635 0.264349 0.845511 0.269585 0.878268 0.270240 0.902706 0.279404
4 0.377030 0.369737 0.383270 0.354027 0.392629 0.341590 0.401988 0.331771 0.412907 0.316061 0.423307 0.306897 0.429546 0.293805 0.435785 0.299696 0.433706 0.323261 0.416547 0.337008 0.398869 0.353372 0.394189 0.365155 0.391589 0.375628
4 0.019821 0.272858 0.052578 0.267621 0.090535 0.255839 0.129531 0.247984 0.171648 0.231619 0.196086 0.224419 0.221564 0.218527 0.223123 0.227692 0.185687 0.240129 0.155529 0.253221 0.133171 0.259112 0.099894 0.267621 0.071296 0.275477 0.052578 0.280713 0.038539 0.283986 0.022420 0.287914
0 0.238722 0.329153 0.268360 0.326534 0.290718 0.327844 0.329714 0.332426 0.372871 0.339626 0.380150 0.348790 0.368191 0.362537 0.352593 0.368428 0.315676 0.359918 0.261080 0.344208 0.237162 0.336353
0 0.403548 0.352063 0.440465 0.319988 0.461783 0.308860 0.485181 0.309515 0.510659 0.319988 0.521058 0.324571 0.547056 0.326534 0.576693 0.330462 0.589692 0.336353 0.574614 0.344863 0.519498 0.353372 0.501300 0.355991 0.483101 0.358609 0.455544 0.367773 0.408228 0.368428 0.397829 0.365155
0 0.036979 0.290532 0.052058 0.305588 0.079616 0.309515 0.106133 0.308860 0.134731 0.313443 0.148250 0.309515 0.144610 0.271549 0.126412 0.266967 0.092615 0.271549 0.070776 0.278749 0.048938 0.283986
0 0.764918 0.256494 0.804954 0.268276 0.830432 0.272204 0.876188 0.271549 0.863189 0.284641 0.847071 0.289223 0.824193 0.294460 0.795595 0.296423 0.776877 0.301005 0.770637 0.298387 0.766997 0.284641 0.767517 0.271549
1 0.000582 0.257803 0.010462 0.257148 0.040619 0.261076 0.034899 0.275477 0.018781 0.274167 0.001102 0.273513
1 0.045299 0.288568 0.054138 0.295114 0.065057 0.298387 0.096254 0.299696 0.111853 0.301005 0.138891 0.301660 0.156569 0.305588 0.181527 0.310824 0.219484 0.319988 0.242362 0.323916 0.275639 0.337662 0.302157 0.344863 0.346353 0.355991 0.364551 0.357300 0.374431 0.357300 0.373391 0.376283 0.347913 0.376938 0.317235 0.371046 0.293837 0.364500 0.266280 0.355991 0.239242 0.348136 0.215324 0.340935 0.177887 0.332426 0.138371 0.324571 0.112893 0.320643 0.100414 0.320643 0.081176 0.320643 0.067137 0.323261 0.053098 0.323261 0.039059 0.314097 0.028140 0.300351 0.027620 0.291841
1 0.401468 0.355991 0.414987 0.357955 0.442545 0.357955 0.455024 0.357955 0.476862 0.348136 0.500780 0.344863 0.538737 0.340281 0.568374 0.337008 0.582933 0.334389 0.591772 0.335044 0.594892 0.346827 0.581373 0.354682 0.566294 0.355336 0.553815 0.358609 0.532497 0.361882 0.518978 0.363191 0.505979 0.365810 0.486221 0.371046 0.468543 0.375628 0.455024 0.378247 0.432666 0.377592 0.407188 0.376938 0.398349 0.374319 0.394709 0.369083
1 0.617770 0.324571 0.628169 0.323261 0.638048 0.318025 0.655727 0.310824 0.683284 0.307551 0.714482 0.303624 0.783636 0.291841 0.812753 0.287259 0.832512 0.285295 0.848110 0.282022 0.861109 0.276131 0.876188 0.268931 0.882428 0.278749 0.872548 0.290532 0.853310 0.297078 0.831472 0.302969 0.813273 0.306242 0.790395 0.309515 0.769077 0.314097 0.751399 0.316061 0.729561 0.319334 0.711362 0.323916 0.695243 0.324571 0.674445 0.328498 0.658847 0.330462 0.650527 0.338972 0.634409 0.343554 0.625569 0.342244 0.620370 0.334389
1 0.910505 0.249948 0.909985 0.266312 0.932863 0.274167 0.943782 0.266312 0.949502 0.259112 0.960421 0.256494 0.979139 0.247329 0.990058 0.240129 0.994218 0.224419 0.996298 0.201508 0.984859 0.202163 0.983819 0.215255 0.974980 0.225073 0.963541 0.234238 0.948462 0.238165 0.939103 0.238165 0.930264 0.241438 0.929224 0.249293 0.924024 0.253875 0.921424 0.251911
