2 0.489753 0.001068 0.488323 0.078473 0.486893 0.113275 0.484510 0.138477 0.480697 0.163078 0.472594 0.185280 0.459725 0.193680 0.434941 0.196081 0.286710 0.197881 0.127993 0.196081 0.127040 0.216482 0.133713 0.242884 0.142292 0.253084 0.169460 0.257284 0.187571 0.256084 0.207113 0.263285 0.233328 0.272885 0.302915 0.290887 0.337709 0.295687 0.396810 0.300487 0.454006 0.299887 0.459725 0.292687 0.468781 0.289687 0.482127 0.293287 0.491182 0.298087 0.500238 0.294487 0.507864 0.293887 0.521210 0.295087 0.543135 0.294487 0.565536 0.289087 0.593180 0.287886 0.620348 0.281886 0.645609 0.276486 0.670394 0.272885 0.687552 0.265685 0.694702 0.260285 0.710907 0.259085 0.743794 0.256084 0.769056 0.257284 0.785737 0.246484 0.795270 0.238683 0.803849 0.233883 0.808139 0.220682 0.808615 0.197881 0.681356 0.197881 0.579835 0.197881 0.559817 0.197281 0.541705 0.188280 0.526929 0.175079 0.519303 0.160078 0.514537 0.145077 0.513107 0.115675 0.512631 0.055672 0.511677 0.001668
3 0.493089 0.004668 0.492136 0.035270 0.490229 0.076673 0.487846 0.112075 0.486416 0.136677 0.483080 0.167279 0.478314 0.180480 0.470687 0.193680 0.457819 0.200881 0.445426 0.206281 0.430651 0.216482 0.422072 0.227883 0.407773 0.242284 0.395857 0.246484 0.363923 0.245884 0.338185 0.244684 0.315307 0.244684 0.280990 0.251284 0.262402 0.251284 0.235234 0.246484 0.222842 0.245284 0.207113 0.246484 0.193768 0.254884 0.195674 0.269285 0.207113 0.260285 0.218552 0.259085 0.239524 0.262685 0.264785 0.267485 0.287186 0.268085 0.303868 0.265685 0.315307 0.260885 0.337232 0.258485 0.364876 0.258485 0.396810 0.259085 0.409203 0.259685 0.424455 0.245284 0.441137 0.223682 0.460202 0.210481 0.475930 0.202681 0.488323 0.177479 0.494519 0.175679 0.498808 0.169079 0.500238 0.138477 0.503575 0.105475 0.504051 0.036470 0.505005 0.007068
4 0.099396 0.249484 0.111788 0.239883 0.127040 0.236883 0.171843 0.235683 0.197581 0.233283 0.224748 0.227283 0.227131 0.235683 0.201870 0.242284 0.178039 0.243484 0.148488 0.242884 0.135143 0.244684 0.108928 0.256684 0.102255 0.256084 0.101302 0.257284
3 0.510724 0.149278 0.515967 0.178079 0.528359 0.193080 0.544565 0.203281 0.558863 0.211682 0.569826 0.229083 0.579835 0.243484 0.596517 0.252484 0.616058 0.259685 0.626068 0.267485 0.641796 0.266285 0.654665 0.257284 0.671347 0.248884 0.697562 0.250684 0.715197 0.267485 0.724253 0.255484 0.710907 0.243484 0.691365 0.239883 0.674207 0.239283 0.657048 0.239283 0.645609 0.244684 0.635124 0.253684 0.624638 0.253684 0.608432 0.246484 0.597947 0.241083 0.583648 0.227883 0.575545 0.213482 0.562200 0.200881 0.549807 0.193680 0.533602 0.183480 0.521686 0.172079 0.516920 0.160678
4 0.757140 0.225482 0.777158 0.227883 0.790980 0.236283 0.797653 0.245284 0.801466 0.238683 0.790980 0.227283 0.783354 0.222482 0.767626 0.219482
0 0.139909 0.245284 0.172319 0.244084 0.188525 0.244084 0.192814 0.248884 0.189001 0.251884 0.172319 0.257284 0.152301 0.254884 0.142769 0.254284
0 0.705188 0.232083 0.726636 0.253084 0.761906 0.254284 0.780018 0.245284 0.790980 0.239883 0.780971 0.230883 0.759523 0.230283 0.748561 0.229683 0.735215 0.227883 0.713290 0.230283
0 0.213786 0.266285 0.228561 0.263885 0.252869 0.267485 0.278607 0.270485 0.309588 0.266885 0.331036 0.263885 0.378699 0.263285 0.403960 0.262685 0.409203 0.280686 0.409679 0.301087 0.359634 0.298087 0.336756 0.295687 0.304345 0.289087 0.258112 0.278886 0.237617 0.273486 0.226655 0.271085
0 0.603666 0.258485 0.604619 0.284286 0.624638 0.280686 0.651805 0.275886 0.671824 0.273486 0.686599 0.265685 0.695655 0.261485 0.700421 0.257885 0.693749 0.253084 0.676113 0.253084 0.664674 0.253684 0.656095 0.259685 0.643226 0.266285 0.627498 0.266885 0.618442 0.264485 0.612245 0.260885
1 0.001211 0.223082 0.015986 0.224882 0.036004 0.223682 0.048397 0.218882 0.060312 0.218282 0.069845 0.223682 0.087003 0.225482 0.104639 0.223082 0.124180 0.222482 0.143245 0.223682 0.140385 0.237483 0.117031 0.236283 0.098442 0.239283 0.086527 0.242284 0.074611 0.242284 0.064125 0.238683 0.055546 0.238083 0.050303 0.244084 0.044584 0.243484 0.035528 0.241083 0.018369 0.241083 0.001687 0.238683
1 0.141339 0.247084 0.156114 0.250084 0.168983 0.250684 0.186142 0.248884 0.190431 0.248284 0.189001 0.260285 0.174703 0.264485 0.162310 0.265085 0.149441 0.263285 0.139909 0.260885
1 0.219029 0.263885 0.253823 0.272885 0.280990 0.277686 0.313877 0.283686 0.339615 0.287286 0.362493 0.289087 0.405390 0.292687 0.440183 0.293287 0.450669 0.290887 0.454006 0.305288 0.438754 0.308888 0.408726 0.308888 0.383942 0.308288 0.360587 0.305288 0.335802 0.304688 0.301485 0.297487 0.265262 0.288486 0.243813 0.283686 0.228085 0.278286 0.218076 0.275286 0.209496 0.270485 0.209973 0.266285
1 0.520733 0.287886 0.532172 0.286086 0.545041 0.283086 0.553620 0.284286 0.569826 0.281886 0.591274 0.279486 0.608909 0.276486 0.633217 0.272885 0.658955 0.268085 0.678020 0.262085 0.691365 0.257885 0.698515 0.255484 0.704234 0.266285 0.687076 0.276486 0.673254 0.282486 0.652759 0.283686 0.636077 0.287286 0.622255 0.290287 0.605573 0.293887 0.592704 0.296887 0.569349 0.295687 0.544565 0.302287 0.526453 0.302887 0.520733 0.301687
1 0.725683 0.245284 0.721393 0.257885 0.739028 0.263885 0.754280 0.263285 0.777635 0.261485 0.791457 0.251284 0.797176 0.243484 0.786214 0.237483 0.774775 0.244084 0.761906 0.247084 0.749514 0.248884 0.733785 0.248284
1 0.805756 0.228483 0.808615 0.242884 0.825774 0.240483 0.833400 0.239283 0.849129 0.238683 0.871530 0.239283 0.886306 0.237483 0.900604 0.239283 0.929679 0.239283 0.953033 0.239283 0.970192 0.237483 0.983537 0.233283 0.994023 0.224882 0.984967 0.209881 0.973052 0.217082 0.951127 0.223682 0.923482 0.224882 0.905371 0.224282 0.896315 0.224282 0.884876 0.223682 0.866764 0.223082 0.848175 0.223682 0.837690 0.217082 0.832447 0.219482 0.828157 0.224882 0.816242 0.228483
