2 0.489376 0.000000 0.487015 0.093328 0.483710 0.136128 0.479932 0.158717 0.473322 0.178928 0.457740 0.194978 0.393995 0.194978 0.096047 0.193789 0.089436 0.204489 0.081881 0.247884 0.083770 0.271067 0.091797 0.278200 0.100769 0.280578 0.121073 0.277606 0.146098 0.288306 0.163097 0.301384 0.200872 0.318623 0.216454 0.323378 0.233925 0.325162 0.252340 0.323973 0.271227 0.331701 0.299558 0.334078 0.335916 0.337051 0.371802 0.336456 0.429881 0.337645 0.445935 0.340023 0.455851 0.340023 0.498820 0.332295 0.530456 0.328134 0.554537 0.322784 0.562564 0.316245 0.591840 0.313867 0.635281 0.304951 0.668806 0.297817 0.683443 0.292467 0.714607 0.292467 0.733967 0.281767 0.747660 0.276417 0.758521 0.268095 0.772214 0.265123 0.793462 0.262150 0.802434 0.251450 0.807155 0.227673 0.809989 0.196761 0.587118 0.199139 0.572008 0.197950 0.550288 0.189628 0.529039 0.172984 0.515346 0.153961 0.512985 0.140289 0.511096 0.049339 0.511096 0.002378
3 0.489848 0.002378 0.488904 0.076089 0.485598 0.139695 0.481349 0.175956 0.480404 0.220539 0.476627 0.250262 0.474738 0.278200 0.471433 0.300195 0.466711 0.327539 0.459156 0.339428 0.438852 0.360828 0.451601 0.372123 0.463878 0.363206 0.477099 0.341806 0.481821 0.320406 0.486071 0.290684 0.489848 0.256206 0.492681 0.218756 0.495514 0.170606 0.495514 0.133156 0.496931 0.111161 0.501653 0.098678 0.503069 0.003567
4 0.789685 0.269284 0.772686 0.247884 0.748605 0.238967 0.714607 0.225889 0.697609 0.223512 0.677305 0.225295 0.659834 0.231239 0.651807 0.237184 0.655585 0.250262 0.673527 0.243128 0.688637 0.239562 0.708469 0.239562 0.736328 0.246695 0.754271 0.249667 0.765603 0.257395 0.776464 0.273445
4 0.715080 0.299006 0.705164 0.279984 0.686276 0.266906 0.670222 0.263339 0.641419 0.262745 0.614977 0.268095 0.609783 0.274634 0.628198 0.274634 0.645196 0.272256 0.660779 0.272256 0.681082 0.278795 0.690998 0.284739 0.701859 0.300195
4 0.222592 0.320406 0.240063 0.304356 0.255645 0.304356 0.271699 0.304356 0.295308 0.293656 0.325056 0.285928 0.360470 0.280578 0.378413 0.278795 0.387384 0.285928 0.376052 0.291873 0.347721 0.297223 0.322695 0.303762 0.304752 0.306139 0.283504 0.312678 0.271227 0.315056 0.258950 0.314462 0.245257 0.316245 0.235813 0.326945 0.233452 0.334673 0.218342 0.329917
4 0.109268 0.293062 0.118712 0.274634 0.129100 0.263934 0.142321 0.260962 0.159792 0.250262 0.176318 0.235400 0.197566 0.222917 0.229675 0.220539 0.275004 0.218161 0.297197 0.218161 0.296725 0.231239 0.261311 0.233617 0.232980 0.233617 0.210788 0.234806 0.178207 0.252045 0.170180 0.262745 0.164986 0.268689 0.150348 0.271662 0.139488 0.272256 0.127211 0.284145 0.124850 0.293656 0.116823 0.299006
0 0.691470 0.289495 0.673527 0.278200 0.654168 0.275823 0.626781 0.275823 0.594673 0.279984 0.572480 0.288306 0.566342 0.305545 0.572480 0.313273 0.614977 0.308517 0.659834 0.299006 0.679194 0.294251
0 0.144210 0.274039 0.139960 0.278200 0.145154 0.285334 0.166874 0.304356 0.193789 0.315651 0.209843 0.319217 0.220231 0.322189 0.234869 0.313273 0.241479 0.305545 0.242424 0.290089 0.221648 0.286523 0.200872 0.282956 0.177735 0.279389 0.163097 0.282362 0.156014 0.281767
0 0.248090 0.316245 0.262728 0.318623 0.277838 0.318028 0.298141 0.313273 0.317501 0.312084 0.356692 0.299601 0.387384 0.293656 0.393050 0.306139 0.394467 0.319812 0.393050 0.335862 0.334500 0.337645 0.294364 0.334673 0.272644 0.332889 0.246673 0.324567 0.244313 0.321595
0 0.753327 0.255017 0.741994 0.255612 0.711774 0.266312 0.703747 0.275823 0.709886 0.288901 0.721218 0.287712 0.736328 0.277606 0.758993 0.269878 0.761354 0.263339 0.758048 0.257395
1 0.001138 0.265717 0.021914 0.264528 0.037968 0.265717 0.047412 0.262150 0.063938 0.257989 0.072910 0.249667 0.081881 0.240750 0.085659 0.249667 0.087548 0.262745 0.093214 0.269284 0.099824 0.268095 0.105963 0.261556 0.113990 0.259773 0.123434 0.259773 0.122489 0.272850 0.113990 0.278200 0.108324 0.282956 0.100769 0.288306 0.088492 0.287117 0.079520 0.280578 0.077160 0.268095 0.069132 0.273445 0.056383 0.277012 0.041746 0.277606 0.025219 0.278795 0.010582 0.279389 0.001610 0.280578
1 0.144210 0.275228 0.132405 0.287712 0.144210 0.298412 0.161208 0.309706 0.190484 0.323378 0.206538 0.328134 0.223064 0.330512 0.226370 0.330512 0.223064 0.312084 0.211260 0.310895 0.196622 0.307923 0.178207 0.300789 0.160736 0.290684 0.154598 0.283551
1 0.249979 0.318028 0.274532 0.323378 0.296725 0.326351 0.305696 0.327539 0.336861 0.328728 0.374163 0.326945 0.395884 0.327539 0.438380 0.328134 0.460100 0.329917 0.462934 0.342401 0.447824 0.350128 0.427992 0.347751 0.405327 0.346562 0.387384 0.345967 0.372274 0.345373 0.334972 0.345967 0.300975 0.343589 0.289642 0.342995 0.269810 0.340617 0.245257 0.331701
1 0.502125 0.315056 0.514874 0.319812 0.526206 0.319812 0.535178 0.313273 0.549343 0.312678 0.576730 0.306734 0.592784 0.303762 0.613088 0.299006 0.634808 0.296628 0.658890 0.290089 0.676833 0.287117 0.687221 0.283551 0.695248 0.300195 0.679194 0.306139 0.659834 0.307923 0.637169 0.313273 0.614505 0.318028 0.592784 0.322189 0.573897 0.323973 0.563981 0.326351 0.551704 0.333484 0.532817 0.335862 0.513457 0.338834 0.504958 0.334078 0.498820 0.328134 0.498820 0.321595
1 0.711774 0.279984 0.712719 0.296034 0.721690 0.296034 0.729717 0.293062 0.742466 0.287117 0.754743 0.281173 0.768436 0.272256 0.756632 0.261556 0.745299 0.268095 0.732550 0.272850 0.721690 0.279984
1 0.785907 0.248478 0.782130 0.261556 0.793934 0.266906 0.814238 0.268689 0.848708 0.267500 0.876566 0.266906 0.916230 0.266906 0.936534 0.266312 0.954005 0.254423 0.960143 0.252045 0.982808 0.240750 0.996029 0.225295 0.996454 0.214595 0.994612 0.200328 0.985641 0.209839 0.977142 0.223512 0.968642 0.229456 0.960615 0.232428 0.948338 0.230050 0.937006 0.236589 0.936062 0.241345 0.930868 0.245506 0.923313 0.239562 0.916702 0.243128 0.908675 0.247884 0.895926 0.247884 0.889788 0.240156 0.879400 0.238967 0.873261 0.247884 0.863818 0.250856 0.847763 0.250262 0.832181 0.251450 0.817071 0.251450 0.801961 0.251450
