2 0.490707 0.003744 0.489964 0.058026 0.487734 0.096399 0.485503 0.131963 0.484017 0.175015 0.481786 0.188118 0.462457 0.188118 0.368787 0.191861 0.299649 0.197477 0.255788 0.196541 0.278090 0.222746 0.308570 0.271414 0.324925 0.296683 0.329386 0.309786 0.314517 0.347222 0.286268 0.374364 0.284781 0.387466 0.321952 0.429582 0.359866 0.447364 0.401497 0.455788 0.449076 0.456724 0.495911 0.448300 0.533082 0.434262 0.553898 0.414608 0.556128 0.400569 0.572483 0.367812 0.582891 0.341607 0.588838 0.332248 0.605937 0.310722 0.640831 0.290816 0.674603 0.284864 0.746201 0.258503 0.773219 0.248299 0.788754 0.231162 0.793430 0.216444 0.794989 0.198783 0.658392 0.196429 0.592874 0.195578 0.543566 0.171769 0.520601 0.158163 0.512496 0.103741 0.505741 0.070578 0.509119 0.005102
0 0.309862 0.382653 0.302432 0.375850 0.292975 0.372449 0.284870 0.376701 0.284870 0.386054 0.296353 0.390306
0 0.322020 0.392857 0.317967 0.402211 0.330125 0.409014 0.325397 0.416667 0.319318 0.424320 0.346336 0.441327 0.374704 0.450680 0.424012 0.454082 0.494259 0.448129 0.532759 0.433673 0.549645 0.420068 0.551672 0.401361 0.545593 0.400510 0.534110 0.411565 0.520601 0.419218 0.504390 0.420068 0.470618 0.419218 0.430091 0.419218 0.390240 0.419218 0.366599 0.412415 0.339581 0.399660
3 0.493583 0.005952 0.491557 0.034864 0.491557 0.070578 0.489531 0.102891 0.488180 0.136054 0.484802 0.164966 0.484802 0.189626 0.485478 0.210884 0.492232 0.210034 0.497636 0.192177 0.507092 0.193027 0.523978 0.190476 0.534786 0.181973 0.547619 0.186224 0.570584 0.203231 0.591017 0.214818 0.610334 0.218872 0.675185 0.218293 0.735436 0.219451 0.750614 0.217714 0.748774 0.209607 0.713359 0.205554 0.686683 0.204396 0.599755 0.206712 0.583658 0.196290 0.564340 0.183551 0.538124 0.172550 0.522946 0.160390 0.518347 0.162127 0.532605 0.174866 0.522486 0.181235 0.510988 0.182972 0.499030 0.182393 0.496730 0.156916 0.496270 0.126228 0.498570 0.099013 0.501789 0.082801 0.505469 0.004632
1 0.000460 0.196869 0.050133 0.197448 0.119123 0.195132 0.183974 0.195711 0.275041 0.196869 0.286080 0.212502 0.296658 0.231610 0.305397 0.247244 0.317815 0.269826 0.329773 0.285460 0.337592 0.300514 0.338512 0.313253 0.313475 0.322321 0.302837 0.306696 0.294326 0.289286 0.279433 0.264732 0.267376 0.247321 0.252837 0.226786 0.201911 0.215397 0.180754 0.214239 0.170176 0.214818 0.159597 0.218872 0.145799 0.215976 0.136141 0.210765 0.118663 0.212502 0.094747 0.214239 0.071290 0.214818 0.000000 0.215397
1 0.294358 0.379841 0.288839 0.361312 0.277801 0.369418 0.276421 0.378683 0.272695 0.392857 0.278369 0.404911 0.290679 0.401844
1 0.331153 0.420951 0.317815 0.414003 0.310916 0.427321 0.320922 0.445982 0.345035 0.456696 0.358749 0.458588 0.382206 0.464957 0.401063 0.466694 0.424060 0.469011 0.449357 0.469590 0.497650 0.460325 0.535364 0.445271 0.551922 0.433111 0.558821 0.422689 0.561121 0.405318 0.559741 0.400107 0.545943 0.403002 0.539504 0.416319 0.529845 0.423847 0.508228 0.431953 0.487991 0.437743 0.446597 0.442375 0.420841 0.442954 0.392785 0.441796 0.374387 0.441217 0.346331 0.429058
1 0.563420 0.364207 0.564800 0.378104 0.577305 0.386607 0.584752 0.380357 0.591489 0.364732 0.598582 0.347768 0.611702 0.326339 0.622340 0.316518 0.605734 0.299356 0.594236 0.310937 0.584118 0.323096 0.574919 0.339888 0.568940 0.353785
1 0.639310 0.279669 0.646809 0.312500 0.671631 0.304464 0.691135 0.298214 0.706738 0.291964 0.720213 0.285268 0.741844 0.280357 0.762766 0.273661 0.778723 0.258482 0.776370 0.236821 0.756593 0.243770 0.730837 0.253034 0.700481 0.264036 0.670585 0.273879 0.654948 0.276195
1 0.772691 0.202080 0.773611 0.220609 0.802127 0.220030 0.855019 0.218872 0.884915 0.213081 0.929069 0.209028 0.976902 0.198606 0.975982 0.184709 0.917111 0.193394 0.875256 0.196290 0.837542 0.200922 0.798907 0.200922 0.783269 0.200922
4 0.623977 0.280516 0.628991 0.262153 0.634004 0.283385 0.638106 0.301747 0.643576 0.325273 0.638106 0.336749 0.634004 0.318387 0.626256 0.307485 0.618963 0.298878 0.613493 0.290844 0.621242 0.289697
